Lx = 6, Ly = 6, g = 3.0, D_max = 2, chi_max_c = 12, zeroE = True. 

E = sum_n <iso_peps|h_n|iso_peps> = sum_n [-3.06552620e-14  1.22986506e-13  5.31185986e-15  8.85544195e-14
  1.45017607e-13 -4.17864987e-14  9.92920226e-14  7.95600870e-14
 -4.49214172e-15  2.16658974e-14  3.07216058e-13] 
  = 7.926705549798562e-13. 

chi_max_b = 24, combine_hs = False.
Lh leg dimensions:
- [(1, 2, 2, 4), (4, 2, 2, 16), (16, 2, 2, 24), (24, 2, 2, 24), (24, 2, 2, 24), (24, 2, 2, 24), (24, 2, 2, 24), (24, 2, 2, 24), (24, 2, 2, 16), (16, 2, 2, 4), (4, 2, 2, 1)]
- [(1, 2, 2, 4), (4, 2, 2, 16), (16, 2, 2, 24), (24, 2, 2, 24), (24, 2, 2, 24), (24, 2, 2, 24), (24, 2, 2, 24), (24, 2, 2, 24), (24, 2, 2, 16), (16, 2, 2, 4), (4, 2, 2, 1)]
- [(1, 2, 2, 4), (4, 2, 2, 16), (16, 2, 2, 24), (24, 2, 2, 24), (24, 2, 2, 24), (24, 2, 2, 24), (24, 2, 2, 24), (24, 2, 2, 24), (24, 2, 2, 16), (16, 2, 2, 4), (4, 2, 2, 1)]
- [(1, 2, 2, 4), (4, 2, 2, 16), (16, 2, 2, 24), (24, 2, 2, 24), (24, 2, 2, 24), (24, 2, 2, 24), (24, 2, 2, 24), (24, 2, 2, 24), (24, 2, 2, 16), (16, 2, 2, 4), (4, 2, 2, 1)]
- [(1, 2, 2, 4), (4, 2, 2, 16), (16, 2, 2, 24), (24, 2, 2, 24), (24, 2, 2, 24), (24, 2, 2, 24), (24, 2, 2, 24), (24, 2, 2, 24), (24, 2, 2, 16), (16, 2, 2, 4), (4, 2, 2, 1)]
- [(1, 2, 2, 4), (4, 2, 2, 16), (16, 2, 2, 24), (24, 2, 2, 24), (24, 2, 2, 24), (24, 2, 2, 24), (24, 2, 2, 24), (24, 2, 2, 24), (24, 2, 2, 16), (16, 2, 2, 4), (4, 2, 2, 1)]
- [(1, 2, 2, 4), (4, 2, 2, 16), (16, 2, 2, 24), (24, 2, 2, 24), (24, 2, 2, 24), (24, 2, 2, 24), (24, 2, 2, 24), (24, 2, 2, 24), (24, 2, 2, 16), (16, 2, 2, 4), (4, 2, 2, 1)]
- [(1, 2, 2, 4), (4, 2, 2, 16), (16, 2, 2, 20), (20, 2, 2, 24), (24, 2, 2, 20), (20, 2, 2, 24), (24, 2, 2, 20), (20, 2, 2, 24), (24, 2, 2, 16), (16, 2, 2, 4), (4, 2, 2, 1)]
- [(1, 2, 2, 4), (4, 2, 2, 16), (16, 2, 2, 8), (8, 2, 2, 20), (20, 2, 2, 8), (8, 2, 2, 20), (20, 2, 2, 8), (8, 2, 2, 20), (20, 2, 2, 8), (8, 2, 2, 4), (4, 2, 2, 1)]
- [(1, 2, 2, 4), (4, 2, 2, 8), (8, 2, 2, 8), (8, 2, 2, 8), (8, 2, 2, 8), (8, 2, 2, 8), (8, 2, 2, 8), (8, 2, 2, 8), (8, 2, 2, 8), (8, 2, 2, 4), (4, 2, 2, 1)]
Lh truncation errors:
- [0.00000000e+00 0.00000000e+00 2.22453337e-31 1.13105038e-11
 3.55487116e-31 4.96421068e-08 3.55423652e-31 1.02964358e-08
 0.00000000e+00 0.00000000e+00]
- [0.00000000e+00 0.00000000e+00 1.95498352e-31 5.87132210e-11
 3.59726293e-31 2.83317457e-07 3.57260757e-31 3.24072055e-08
 0.00000000e+00 0.00000000e+00]
- [0.00000000e+00 0.00000000e+00 1.97157688e-31 5.75070167e-10
 3.64973664e-31 1.59648568e-06 3.91002701e-31 1.82320461e-07
 0.00000000e+00 0.00000000e+00]
- [0.00000000e+00 0.00000000e+00 2.08210886e-31 1.78745793e-08
 3.70043268e-31 2.03556434e-05 3.99258264e-31 4.24069791e-07
 0.00000000e+00 0.00000000e+00]
- [0.00000000e+00 0.00000000e+00 2.37157842e-31 2.94597614e-08
 3.76225908e-31 1.49488863e-05 3.40147233e-31 1.89836454e-06
 0.00000000e+00 0.00000000e+00]
- [0.00000000e+00 0.00000000e+00 2.61287888e-31 3.95911468e-08
 3.73769689e-31 2.46708963e-06 4.64179979e-31 1.60815161e-07
 0.00000000e+00 0.00000000e+00]
- [0.00000000e+00 0.00000000e+00 2.92783919e-31 1.61425160e-09
 3.38846422e-31 4.19188306e-08 3.95146184e-31 3.62460242e-09
 0.00000000e+00 0.00000000e+00]
- [0.00000000e+00 0.00000000e+00 2.82650252e-31 3.80247063e-13
 3.99744077e-31 3.85919328e-10 4.72065882e-31 5.09274441e-11
 0.00000000e+00 0.00000000e+00]
- [0.00000000e+00 0.00000000e+00 2.85754901e-31 6.39982133e-32
 3.61235118e-31 7.00946937e-32 3.78502530e-31 5.50111969e-32
 1.16648097e-33 0.00000000e+00]
- [0.00000000e+00 4.06767736e-33 1.23227415e-31 1.30093662e-31
 1.32089324e-31 1.47267948e-31 1.15605243e-31 1.48085200e-31
 1.19450095e-32 0.00000000e+00]
-> EL = sum_n <Lh_n|CC*> = 0.24049156757909215.
Orthogonality column 11:
-> EC = <ALhAL*|CC*|ARhAR*> = 3.072160581485406e-13.
=> E = 0.24049156757939938.
=> deltaE_bc = 0.2404915675786067.
chi_max_b = 24, combine_hs = True.
Lh leg dimensions:
- [(1, 2, 2, 4), (4, 2, 2, 3), (3, 2, 2, 8), (8, 2, 2, 3), (3, 2, 2, 8), (8, 2, 2, 3), (3, 2, 2, 8), (8, 2, 2, 3), (3, 2, 2, 8), (8, 2, 2, 3), (3, 2, 2, 1)]
- [(1, 2, 2, 4), (4, 2, 2, 16), (16, 2, 2, 8), (8, 2, 2, 20), (20, 2, 2, 8), (8, 2, 2, 20), (20, 2, 2, 8), (8, 2, 2, 20), (20, 2, 2, 8), (8, 2, 2, 4), (4, 2, 2, 1)]
- [(1, 2, 2, 4), (4, 2, 2, 16), (16, 2, 2, 24), (24, 2, 2, 20), (20, 2, 2, 24), (24, 2, 2, 20), (20, 2, 2, 24), (24, 2, 2, 20), (20, 2, 2, 16), (16, 2, 2, 4), (4, 2, 2, 1)]
- [(1, 2, 2, 4), (4, 2, 2, 16), (16, 2, 2, 24), (24, 2, 2, 24), (24, 2, 2, 24), (24, 2, 2, 24), (24, 2, 2, 24), (24, 2, 2, 24), (24, 2, 2, 16), (16, 2, 2, 4), (4, 2, 2, 1)]
- [(1, 2, 2, 4), (4, 2, 2, 16), (16, 2, 2, 24), (24, 2, 2, 24), (24, 2, 2, 24), (24, 2, 2, 24), (24, 2, 2, 24), (24, 2, 2, 24), (24, 2, 2, 16), (16, 2, 2, 4), (4, 2, 2, 1)]
- [(1, 2, 2, 4), (4, 2, 2, 16), (16, 2, 2, 24), (24, 2, 2, 24), (24, 2, 2, 24), (24, 2, 2, 24), (24, 2, 2, 24), (24, 2, 2, 24), (24, 2, 2, 16), (16, 2, 2, 4), (4, 2, 2, 1)]
- [(1, 2, 2, 4), (4, 2, 2, 16), (16, 2, 2, 24), (24, 2, 2, 24), (24, 2, 2, 24), (24, 2, 2, 24), (24, 2, 2, 24), (24, 2, 2, 24), (24, 2, 2, 16), (16, 2, 2, 4), (4, 2, 2, 1)]
- [(1, 2, 2, 4), (4, 2, 2, 16), (16, 2, 2, 24), (24, 2, 2, 24), (24, 2, 2, 24), (24, 2, 2, 24), (24, 2, 2, 24), (24, 2, 2, 24), (24, 2, 2, 16), (16, 2, 2, 4), (4, 2, 2, 1)]
- [(1, 2, 2, 4), (4, 2, 2, 16), (16, 2, 2, 24), (24, 2, 2, 24), (24, 2, 2, 24), (24, 2, 2, 24), (24, 2, 2, 24), (24, 2, 2, 24), (24, 2, 2, 16), (16, 2, 2, 4), (4, 2, 2, 1)]
- [(1, 2, 2, 4), (4, 2, 2, 16), (16, 2, 2, 24), (24, 2, 2, 24), (24, 2, 2, 24), (24, 2, 2, 24), (24, 2, 2, 24), (24, 2, 2, 24), (24, 2, 2, 16), (16, 2, 2, 4), (4, 2, 2, 1)]
Lh truncation errors:
- [0.00000000e+00 8.90473042e-33 2.01392338e-35 1.64305808e-31
 7.69421961e-36 1.57579091e-31 8.58200435e-35 1.57238995e-31
 2.09102980e-36 2.65547156e-36]
- [0.00000000e+00 0.00000000e+00 3.12630762e-31 6.28655671e-32
 3.70239255e-31 6.37698892e-32 3.97086241e-31 6.20439420e-32
 6.62610027e-34 0.00000000e+00]
- [0.00000000e+00 0.00000000e+00 1.46169965e-21 4.41336628e-31
 8.43240410e-18 4.38678361e-31 3.06274326e-15 2.42004479e-31
 0.00000000e+00 0.00000000e+00]
- [0.00000000e+00 0.00000000e+00 1.05062743e-26 2.92628692e-13
 8.16681156e-21 1.83337406e-10 1.34906833e-18 3.72581760e-12
 0.00000000e+00 0.00000000e+00]
- [0.00000000e+00 0.00000000e+00 1.11569351e-13 5.88269067e-16
 2.42992635e-09 1.83886289e-13 4.49193735e-09 6.65484355e-15
 0.00000000e+00 0.00000000e+00]
- [0.00000000e+00 0.00000000e+00 5.89344918e-19 4.39282604e-11
 1.86404567e-13 8.60055044e-09 9.24772562e-12 5.62009011e-10
 0.00000000e+00 0.00000000e+00]
- [0.00000000e+00 0.00000000e+00 1.30115096e-12 1.26953647e-13
 6.21219020e-09 8.72674464e-12 1.90944508e-09 1.98070251e-12
 0.00000000e+00 0.00000000e+00]
- [0.00000000e+00 0.00000000e+00 1.31165161e-19 4.51733628e-11
 9.48263868e-13 5.96961232e-10 2.31162877e-12 1.67264997e-09
 0.00000000e+00 0.00000000e+00]
- [0.00000000e+00 0.00000000e+00 4.39833042e-14 1.92080516e-13
 7.52383928e-10 1.34058338e-12 1.26449666e-08 3.92694555e-12
 0.00000000e+00 0.00000000e+00]
- [0.00000000e+00 0.00000000e+00 5.41094444e-20 8.92837983e-12
 9.31343012e-14 1.74080760e-09 8.11419051e-12 3.47092257e-11
 0.00000000e+00 0.00000000e+00]
-> EL = <Lh|CC*> = 0.24080821927826265.
Orthogonality column 11:
-> EC = <ALhAL*|CC*|ARhAR*> = 3.072160581485406e-13.
=> E = 0.24080821927856988.
=> deltaE_bcc = 0.2408082192777772. 

chi_max_b = 54, combine_hs = False.
Lh leg dimensions:
- [(1, 2, 2, 4), (4, 2, 2, 16), (16, 2, 2, 52), (52, 2, 2, 54), (54, 2, 2, 54), (54, 2, 2, 54), (54, 2, 2, 54), (54, 2, 2, 54), (54, 2, 2, 16), (16, 2, 2, 4), (4, 2, 2, 1)]
- [(1, 2, 2, 4), (4, 2, 2, 16), (16, 2, 2, 53), (53, 2, 2, 54), (54, 2, 2, 54), (54, 2, 2, 54), (54, 2, 2, 54), (54, 2, 2, 54), (54, 2, 2, 16), (16, 2, 2, 4), (4, 2, 2, 1)]
- [(1, 2, 2, 4), (4, 2, 2, 16), (16, 2, 2, 54), (54, 2, 2, 54), (54, 2, 2, 54), (54, 2, 2, 54), (54, 2, 2, 54), (54, 2, 2, 54), (54, 2, 2, 16), (16, 2, 2, 4), (4, 2, 2, 1)]
- [(1, 2, 2, 4), (4, 2, 2, 16), (16, 2, 2, 54), (54, 2, 2, 54), (54, 2, 2, 54), (54, 2, 2, 54), (54, 2, 2, 54), (54, 2, 2, 54), (54, 2, 2, 16), (16, 2, 2, 4), (4, 2, 2, 1)]
- [(1, 2, 2, 4), (4, 2, 2, 16), (16, 2, 2, 54), (54, 2, 2, 54), (54, 2, 2, 54), (54, 2, 2, 54), (54, 2, 2, 54), (54, 2, 2, 54), (54, 2, 2, 16), (16, 2, 2, 4), (4, 2, 2, 1)]
- [(1, 2, 2, 4), (4, 2, 2, 16), (16, 2, 2, 54), (54, 2, 2, 54), (54, 2, 2, 54), (54, 2, 2, 54), (54, 2, 2, 54), (54, 2, 2, 54), (54, 2, 2, 16), (16, 2, 2, 4), (4, 2, 2, 1)]
- [(1, 2, 2, 4), (4, 2, 2, 16), (16, 2, 2, 32), (32, 2, 2, 54), (54, 2, 2, 32), (32, 2, 2, 54), (54, 2, 2, 32), (32, 2, 2, 54), (54, 2, 2, 16), (16, 2, 2, 4), (4, 2, 2, 1)]
- [(1, 2, 2, 4), (4, 2, 2, 16), (16, 2, 2, 20), (20, 2, 2, 32), (32, 2, 2, 20), (20, 2, 2, 32), (32, 2, 2, 20), (20, 2, 2, 32), (32, 2, 2, 16), (16, 2, 2, 4), (4, 2, 2, 1)]
- [(1, 2, 2, 4), (4, 2, 2, 16), (16, 2, 2, 8), (8, 2, 2, 20), (20, 2, 2, 8), (8, 2, 2, 20), (20, 2, 2, 8), (8, 2, 2, 20), (20, 2, 2, 8), (8, 2, 2, 4), (4, 2, 2, 1)]
- [(1, 2, 2, 4), (4, 2, 2, 8), (8, 2, 2, 8), (8, 2, 2, 8), (8, 2, 2, 8), (8, 2, 2, 8), (8, 2, 2, 8), (8, 2, 2, 8), (8, 2, 2, 8), (8, 2, 2, 4), (4, 2, 2, 1)]
Lh truncation errors:
- [0.00000000e+00 0.00000000e+00 6.77505437e-31 1.20012510e-17
 8.18898546e-31 7.43309914e-11 8.20158638e-31 2.88691111e-15
 0.00000000e+00 0.00000000e+00]
- [0.00000000e+00 0.00000000e+00 1.15413763e-30 5.41116080e-17
 8.31519043e-31 1.79884702e-10 8.24325712e-31 3.23710803e-14
 0.00000000e+00 0.00000000e+00]
- [0.00000000e+00 0.00000000e+00 2.41356891e-31 1.02997985e-15
 8.37279246e-31 7.75712361e-10 1.25792712e-30 1.55882154e-13
 0.00000000e+00 0.00000000e+00]
- [0.00000000e+00 0.00000000e+00 2.41106204e-31 3.23406103e-14
 8.63415416e-31 3.61667106e-09 1.27218430e-30 3.29767036e-13
 0.00000000e+00 0.00000000e+00]
- [0.00000000e+00 0.00000000e+00 2.30070473e-31 7.36930801e-15
 8.72822070e-31 1.26978304e-09 1.02804467e-30 1.40393049e-13
 0.00000000e+00 0.00000000e+00]
- [0.00000000e+00 0.00000000e+00 2.29857783e-31 1.56023929e-15
 8.62408485e-31 3.25009969e-10 1.00398128e-30 3.81834309e-14
 0.00000000e+00 0.00000000e+00]
- [0.00000000e+00 0.00000000e+00 2.99503758e-31 9.45051879e-19
 8.44942444e-31 1.17426110e-12 9.99539418e-31 8.09352597e-17
 0.00000000e+00 0.00000000e+00]
- [0.00000000e+00 0.00000000e+00 2.82221906e-31 3.43702306e-31
 5.59001725e-31 3.16135483e-31 6.73793433e-31 2.93157907e-31
 0.00000000e+00 0.00000000e+00]
- [0.00000000e+00 0.00000000e+00 2.83644332e-31 6.41096026e-32
 3.63734354e-31 7.01959417e-32 3.78169175e-31 5.51211377e-32
 7.30081751e-34 0.00000000e+00]
- [0.00000000e+00 4.10357036e-33 1.23644259e-31 1.30340917e-31
 1.32407764e-31 1.46686648e-31 1.14915834e-31 1.48041657e-31
 2.05002484e-32 0.00000000e+00]
-> EL = sum_n <Lh_n|CC*> = 0.24059408235696764.
Orthogonality column 11:
-> EC = <ALhAL*|CC*|ARhAR*> = 3.072160581485406e-13.
=> E = 0.24059408235727486.
=> deltaE_bc = 0.2405940823564822.
chi_max_b = 54, combine_hs = True.
Lh leg dimensions:
- [(1, 2, 2, 4), (4, 2, 2, 3), (3, 2, 2, 8), (8, 2, 2, 3), (3, 2, 2, 8), (8, 2, 2, 3), (3, 2, 2, 8), (8, 2, 2, 3), (3, 2, 2, 8), (8, 2, 2, 3), (3, 2, 2, 1)]
- [(1, 2, 2, 4), (4, 2, 2, 16), (16, 2, 2, 8), (8, 2, 2, 20), (20, 2, 2, 8), (8, 2, 2, 20), (20, 2, 2, 8), (8, 2, 2, 20), (20, 2, 2, 8), (8, 2, 2, 4), (4, 2, 2, 1)]
- [(1, 2, 2, 4), (4, 2, 2, 16), (16, 2, 2, 32), (32, 2, 2, 20), (20, 2, 2, 32), (32, 2, 2, 20), (20, 2, 2, 32), (32, 2, 2, 20), (20, 2, 2, 16), (16, 2, 2, 4), (4, 2, 2, 1)]
- [(1, 2, 2, 4), (4, 2, 2, 16), (16, 2, 2, 27), (27, 2, 2, 54), (54, 2, 2, 32), (32, 2, 2, 54), (54, 2, 2, 32), (32, 2, 2, 54), (54, 2, 2, 16), (16, 2, 2, 4), (4, 2, 2, 1)]
- [(1, 2, 2, 4), (4, 2, 2, 16), (16, 2, 2, 54), (54, 2, 2, 54), (54, 2, 2, 54), (54, 2, 2, 54), (54, 2, 2, 54), (54, 2, 2, 54), (54, 2, 2, 16), (16, 2, 2, 4), (4, 2, 2, 1)]
- [(1, 2, 2, 4), (4, 2, 2, 16), (16, 2, 2, 54), (54, 2, 2, 54), (54, 2, 2, 54), (54, 2, 2, 54), (54, 2, 2, 54), (54, 2, 2, 54), (54, 2, 2, 16), (16, 2, 2, 4), (4, 2, 2, 1)]
- [(1, 2, 2, 4), (4, 2, 2, 16), (16, 2, 2, 54), (54, 2, 2, 54), (54, 2, 2, 54), (54, 2, 2, 54), (54, 2, 2, 54), (54, 2, 2, 54), (54, 2, 2, 16), (16, 2, 2, 4), (4, 2, 2, 1)]
- [(1, 2, 2, 4), (4, 2, 2, 16), (16, 2, 2, 54), (54, 2, 2, 54), (54, 2, 2, 54), (54, 2, 2, 54), (54, 2, 2, 54), (54, 2, 2, 54), (54, 2, 2, 16), (16, 2, 2, 4), (4, 2, 2, 1)]
- [(1, 2, 2, 4), (4, 2, 2, 16), (16, 2, 2, 54), (54, 2, 2, 54), (54, 2, 2, 54), (54, 2, 2, 54), (54, 2, 2, 54), (54, 2, 2, 54), (54, 2, 2, 16), (16, 2, 2, 4), (4, 2, 2, 1)]
- [(1, 2, 2, 4), (4, 2, 2, 16), (16, 2, 2, 54), (54, 2, 2, 54), (54, 2, 2, 54), (54, 2, 2, 54), (54, 2, 2, 54), (54, 2, 2, 54), (54, 2, 2, 16), (16, 2, 2, 4), (4, 2, 2, 1)]
Lh truncation errors:
- [0.00000000e+00 2.18505884e-32 7.84788135e-36 1.70174968e-31
 2.07823068e-35 1.56632608e-31 7.03370769e-36 1.57292055e-31
 7.58576869e-36 1.00241944e-37]
- [0.00000000e+00 0.00000000e+00 3.08895943e-31 6.28113919e-32
 3.70077173e-31 6.37573947e-32 3.93774168e-31 6.20151225e-32
 1.25158703e-33 0.00000000e+00]
- [0.00000000e+00 0.00000000e+00 5.01884665e-31 6.28178522e-31
 2.53289586e-31 6.26297409e-31 2.56841113e-31 2.41961903e-31
 0.00000000e+00 0.00000000e+00]
- [0.00000000e+00 0.00000000e+00 1.34059947e-30 1.26297829e-24
 1.00831457e-30 7.50666978e-18 9.53568087e-31 2.44352839e-20
 0.00000000e+00 0.00000000e+00]
- [0.00000000e+00 0.00000000e+00 3.49393274e-23 1.07059839e-26
 2.06194203e-13 1.74693676e-22 1.65482609e-14 7.38840254e-25
 0.00000000e+00 0.00000000e+00]
- [0.00000000e+00 0.00000000e+00 2.26507838e-30 5.87207247e-17
 3.08406346e-20 8.93092218e-13 5.35488814e-18 2.15370869e-16
 0.00000000e+00 0.00000000e+00]
- [0.00000000e+00 0.00000000e+00 5.12659593e-19 4.06443433e-20
 1.14659004e-12 1.96159994e-16 1.98913444e-13 2.90059711e-20
 0.00000000e+00 0.00000000e+00]
- [0.00000000e+00 0.00000000e+00 6.30104092e-30 4.18209522e-17
 1.33323869e-18 1.29208036e-13 1.25696730e-17 3.01791518e-17
 0.00000000e+00 0.00000000e+00]
- [0.00000000e+00 0.00000000e+00 7.65628754e-21 4.53086564e-20
 2.08635068e-13 6.35748008e-17 1.56959003e-13 1.66142609e-19
 0.00000000e+00 0.00000000e+00]
- [0.00000000e+00 0.00000000e+00 5.78272923e-31 4.12636401e-18
 1.91925985e-19 2.04613833e-13 2.26758097e-17 1.06267516e-16
 0.00000000e+00 0.00000000e+00]
-> EL = <Lh|CC*> = 0.24059314509222635.
Orthogonality column 11:
-> EC = <ALhAL*|CC*|ARhAR*> = 3.072160581485406e-13.
=> E = 0.24059314509253357.
=> deltaE_bcc = 0.2405931450917409. 

chi_max_b = 96, combine_hs = False.
Lh leg dimensions:
- [(1, 2, 2, 4), (4, 2, 2, 16), (16, 2, 2, 56), (56, 2, 2, 96), (96, 2, 2, 96), (96, 2, 2, 96), (96, 2, 2, 96), (96, 2, 2, 64), (64, 2, 2, 16), (16, 2, 2, 4), (4, 2, 2, 1)]
- [(1, 2, 2, 4), (4, 2, 2, 16), (16, 2, 2, 57), (57, 2, 2, 96), (96, 2, 2, 96), (96, 2, 2, 96), (96, 2, 2, 96), (96, 2, 2, 64), (64, 2, 2, 16), (16, 2, 2, 4), (4, 2, 2, 1)]
- [(1, 2, 2, 4), (4, 2, 2, 16), (16, 2, 2, 61), (61, 2, 2, 96), (96, 2, 2, 96), (96, 2, 2, 96), (96, 2, 2, 96), (96, 2, 2, 64), (64, 2, 2, 16), (16, 2, 2, 4), (4, 2, 2, 1)]
- [(1, 2, 2, 4), (4, 2, 2, 16), (16, 2, 2, 62), (62, 2, 2, 96), (96, 2, 2, 96), (96, 2, 2, 96), (96, 2, 2, 96), (96, 2, 2, 64), (64, 2, 2, 16), (16, 2, 2, 4), (4, 2, 2, 1)]
- [(1, 2, 2, 4), (4, 2, 2, 16), (16, 2, 2, 61), (61, 2, 2, 96), (96, 2, 2, 96), (96, 2, 2, 96), (96, 2, 2, 96), (96, 2, 2, 64), (64, 2, 2, 16), (16, 2, 2, 4), (4, 2, 2, 1)]
- [(1, 2, 2, 4), (4, 2, 2, 16), (16, 2, 2, 57), (57, 2, 2, 96), (96, 2, 2, 80), (80, 2, 2, 96), (96, 2, 2, 80), (80, 2, 2, 64), (64, 2, 2, 16), (16, 2, 2, 4), (4, 2, 2, 1)]
- [(1, 2, 2, 4), (4, 2, 2, 16), (16, 2, 2, 32), (32, 2, 2, 80), (80, 2, 2, 32), (32, 2, 2, 80), (80, 2, 2, 32), (32, 2, 2, 64), (64, 2, 2, 16), (16, 2, 2, 4), (4, 2, 2, 1)]
- [(1, 2, 2, 4), (4, 2, 2, 16), (16, 2, 2, 20), (20, 2, 2, 32), (32, 2, 2, 20), (20, 2, 2, 32), (32, 2, 2, 20), (20, 2, 2, 32), (32, 2, 2, 16), (16, 2, 2, 4), (4, 2, 2, 1)]
- [(1, 2, 2, 4), (4, 2, 2, 16), (16, 2, 2, 8), (8, 2, 2, 20), (20, 2, 2, 8), (8, 2, 2, 20), (20, 2, 2, 8), (8, 2, 2, 20), (20, 2, 2, 8), (8, 2, 2, 4), (4, 2, 2, 1)]
- [(1, 2, 2, 4), (4, 2, 2, 8), (8, 2, 2, 8), (8, 2, 2, 8), (8, 2, 2, 8), (8, 2, 2, 8), (8, 2, 2, 8), (8, 2, 2, 8), (8, 2, 2, 8), (8, 2, 2, 4), (4, 2, 2, 1)]
Lh truncation errors:
- [0.00000000e+00 0.00000000e+00 6.24899639e-31 1.78664144e-21
 1.47909032e-30 9.51262697e-15 1.59445025e-30 0.00000000e+00
 0.00000000e+00 0.00000000e+00]
- [0.00000000e+00 0.00000000e+00 1.92381501e-30 4.22566116e-21
 1.49875920e-30 1.92745998e-14 1.60714128e-30 0.00000000e+00
 0.00000000e+00 0.00000000e+00]
- [0.00000000e+00 0.00000000e+00 9.13917117e-31 5.87636000e-20
 1.48815234e-30 1.57292997e-13 1.78130490e-30 0.00000000e+00
 0.00000000e+00 0.00000000e+00]
- [0.00000000e+00 0.00000000e+00 4.81303798e-31 2.73613640e-19
 1.52425548e-30 2.01367127e-13 1.54620412e-30 0.00000000e+00
 0.00000000e+00 0.00000000e+00]
- [0.00000000e+00 0.00000000e+00 4.92941829e-31 1.01320551e-20
 1.52979303e-30 1.91899547e-14 1.50497533e-30 0.00000000e+00
 0.00000000e+00 0.00000000e+00]
- [0.00000000e+00 0.00000000e+00 4.98792630e-31 1.22808805e-23
 1.59533046e-30 1.94559571e-17 1.45381827e-30 0.00000000e+00
 0.00000000e+00 0.00000000e+00]
- [0.00000000e+00 0.00000000e+00 2.99503780e-31 4.75839305e-31
 1.31249641e-30 3.86693914e-31 2.01237202e-30 0.00000000e+00
 0.00000000e+00 0.00000000e+00]
- [0.00000000e+00 0.00000000e+00 2.80440295e-31 3.43702091e-31
 5.58936553e-31 3.15973087e-31 6.71203819e-31 2.92813871e-31
 0.00000000e+00 0.00000000e+00]
- [0.00000000e+00 0.00000000e+00 2.83689621e-31 6.42007031e-32
 3.62431428e-31 7.06671759e-32 3.80492858e-31 5.48978078e-32
 1.50092209e-33 0.00000000e+00]
- [0.00000000e+00 3.81681444e-33 1.26314960e-31 1.30471123e-31
 1.32507622e-31 1.47174425e-31 1.16637688e-31 1.48120092e-31
 5.39128274e-33 0.00000000e+00]
-> EL = sum_n <Lh_n|CC*> = 0.24059359912021108.
Orthogonality column 11:
-> EC = <ALhAL*|CC*|ARhAR*> = 3.072160581485406e-13.
=> E = 0.2405935991205183.
=> deltaE_bc = 0.24059359911972564.
chi_max_b = 96, combine_hs = True.
Lh leg dimensions:
- [(1, 2, 2, 4), (4, 2, 2, 3), (3, 2, 2, 8), (8, 2, 2, 3), (3, 2, 2, 8), (8, 2, 2, 3), (3, 2, 2, 8), (8, 2, 2, 3), (3, 2, 2, 8), (8, 2, 2, 3), (3, 2, 2, 1)]
- [(1, 2, 2, 4), (4, 2, 2, 16), (16, 2, 2, 8), (8, 2, 2, 20), (20, 2, 2, 8), (8, 2, 2, 20), (20, 2, 2, 8), (8, 2, 2, 20), (20, 2, 2, 8), (8, 2, 2, 4), (4, 2, 2, 1)]
- [(1, 2, 2, 4), (4, 2, 2, 16), (16, 2, 2, 32), (32, 2, 2, 20), (20, 2, 2, 32), (32, 2, 2, 20), (20, 2, 2, 32), (32, 2, 2, 20), (20, 2, 2, 16), (16, 2, 2, 4), (4, 2, 2, 1)]
- [(1, 2, 2, 4), (4, 2, 2, 16), (16, 2, 2, 27), (27, 2, 2, 67), (67, 2, 2, 32), (32, 2, 2, 80), (80, 2, 2, 32), (32, 2, 2, 64), (64, 2, 2, 16), (16, 2, 2, 4), (4, 2, 2, 1)]
- [(1, 2, 2, 4), (4, 2, 2, 16), (16, 2, 2, 64), (64, 2, 2, 62), (62, 2, 2, 96), (96, 2, 2, 73), (73, 2, 2, 96), (96, 2, 2, 64), (64, 2, 2, 16), (16, 2, 2, 4), (4, 2, 2, 1)]
- [(1, 2, 2, 4), (4, 2, 2, 16), (16, 2, 2, 53), (53, 2, 2, 96), (96, 2, 2, 94), (94, 2, 2, 96), (96, 2, 2, 96), (96, 2, 2, 64), (64, 2, 2, 16), (16, 2, 2, 4), (4, 2, 2, 1)]
- [(1, 2, 2, 4), (4, 2, 2, 16), (16, 2, 2, 64), (64, 2, 2, 96), (96, 2, 2, 96), (96, 2, 2, 96), (96, 2, 2, 96), (96, 2, 2, 64), (64, 2, 2, 16), (16, 2, 2, 4), (4, 2, 2, 1)]
- [(1, 2, 2, 4), (4, 2, 2, 16), (16, 2, 2, 55), (55, 2, 2, 96), (96, 2, 2, 96), (96, 2, 2, 96), (96, 2, 2, 96), (96, 2, 2, 64), (64, 2, 2, 16), (16, 2, 2, 4), (4, 2, 2, 1)]
- [(1, 2, 2, 4), (4, 2, 2, 16), (16, 2, 2, 64), (64, 2, 2, 96), (96, 2, 2, 96), (96, 2, 2, 96), (96, 2, 2, 96), (96, 2, 2, 64), (64, 2, 2, 16), (16, 2, 2, 4), (4, 2, 2, 1)]
- [(1, 2, 2, 4), (4, 2, 2, 16), (16, 2, 2, 52), (52, 2, 2, 96), (96, 2, 2, 96), (96, 2, 2, 96), (96, 2, 2, 96), (96, 2, 2, 64), (64, 2, 2, 16), (16, 2, 2, 4), (4, 2, 2, 1)]
Lh truncation errors:
- [0.00000000e+00 5.39577688e-33 3.02609219e-36 1.66015044e-31
 2.23332911e-35 1.76402017e-31 2.77936423e-35 1.61107579e-31
 1.42699120e-36 1.39300452e-36]
- [0.00000000e+00 0.00000000e+00 3.06466754e-31 6.28722906e-32
 3.69519748e-31 6.37665631e-32 3.93333969e-31 6.20044917e-32
 3.92090356e-34 0.00000000e+00]
- [0.00000000e+00 0.00000000e+00 5.01884665e-31 6.26553054e-31
 2.53403497e-31 6.23786599e-31 2.56764506e-31 2.41645994e-31
 0.00000000e+00 0.00000000e+00]
- [0.00000000e+00 0.00000000e+00 1.34160712e-30 1.44363445e-30
 1.28352220e-30 2.72222458e-31 2.21542783e-30 0.00000000e+00
 0.00000000e+00 0.00000000e+00]
- [0.00000000e+00 0.00000000e+00 0.00000000e+00 2.48886065e-30
 9.54497747e-25 3.23295103e-30 1.27339122e-21 0.00000000e+00
 0.00000000e+00 0.00000000e+00]
- [0.00000000e+00 0.00000000e+00 1.36531137e-30 4.96637580e-26
 3.08597514e-30 5.66302033e-18 1.40751547e-26 0.00000000e+00
 0.00000000e+00 0.00000000e+00]
- [0.00000000e+00 0.00000000e+00 0.00000000e+00 1.73339163e-29
 8.60165056e-18 4.49048908e-22 9.44626716e-18 0.00000000e+00
 0.00000000e+00 0.00000000e+00]
- [0.00000000e+00 0.00000000e+00 6.80730359e-31 1.32037716e-23
 4.47147152e-24 2.08071910e-17 3.21175144e-23 0.00000000e+00
 0.00000000e+00 0.00000000e+00]
- [0.00000000e+00 0.00000000e+00 0.00000000e+00 9.01780391e-27
 2.63256447e-17 3.84425548e-21 6.44752196e-18 0.00000000e+00
 0.00000000e+00 0.00000000e+00]
- [0.00000000e+00 0.00000000e+00 9.45854784e-31 6.71888709e-25
 1.85034014e-24 1.55767186e-18 4.13393816e-23 0.00000000e+00
 0.00000000e+00 0.00000000e+00]
-> EL = <Lh|CC*> = 0.2405936031155413.
Orthogonality column 11:
-> EC = <ALhAL*|CC*|ARhAR*> = 3.072160581485406e-13.
=> E = 0.24059360311584851.
=> deltaE_bcc = 0.24059360311505584. 

chi_max_b = 150, combine_hs = False.
Lh leg dimensions:
- [(1, 2, 2, 4), (4, 2, 2, 16), (16, 2, 2, 56), (56, 2, 2, 150), (150, 2, 2, 150), (150, 2, 2, 150), (150, 2, 2, 150), (150, 2, 2, 64), (64, 2, 2, 16), (16, 2, 2, 4), (4, 2, 2, 1)]
- [(1, 2, 2, 4), (4, 2, 2, 16), (16, 2, 2, 57), (57, 2, 2, 150), (150, 2, 2, 150), (150, 2, 2, 150), (150, 2, 2, 150), (150, 2, 2, 64), (64, 2, 2, 16), (16, 2, 2, 4), (4, 2, 2, 1)]
- [(1, 2, 2, 4), (4, 2, 2, 16), (16, 2, 2, 61), (61, 2, 2, 150), (150, 2, 2, 150), (150, 2, 2, 150), (150, 2, 2, 150), (150, 2, 2, 64), (64, 2, 2, 16), (16, 2, 2, 4), (4, 2, 2, 1)]
- [(1, 2, 2, 4), (4, 2, 2, 16), (16, 2, 2, 62), (62, 2, 2, 150), (150, 2, 2, 150), (150, 2, 2, 150), (150, 2, 2, 150), (150, 2, 2, 64), (64, 2, 2, 16), (16, 2, 2, 4), (4, 2, 2, 1)]
- [(1, 2, 2, 4), (4, 2, 2, 16), (16, 2, 2, 61), (61, 2, 2, 150), (150, 2, 2, 128), (128, 2, 2, 150), (150, 2, 2, 128), (128, 2, 2, 64), (64, 2, 2, 16), (16, 2, 2, 4), (4, 2, 2, 1)]
- [(1, 2, 2, 4), (4, 2, 2, 16), (16, 2, 2, 57), (57, 2, 2, 128), (128, 2, 2, 80), (80, 2, 2, 128), (128, 2, 2, 80), (80, 2, 2, 64), (64, 2, 2, 16), (16, 2, 2, 4), (4, 2, 2, 1)]
- [(1, 2, 2, 4), (4, 2, 2, 16), (16, 2, 2, 32), (32, 2, 2, 80), (80, 2, 2, 32), (32, 2, 2, 80), (80, 2, 2, 32), (32, 2, 2, 64), (64, 2, 2, 16), (16, 2, 2, 4), (4, 2, 2, 1)]
- [(1, 2, 2, 4), (4, 2, 2, 16), (16, 2, 2, 20), (20, 2, 2, 32), (32, 2, 2, 20), (20, 2, 2, 32), (32, 2, 2, 20), (20, 2, 2, 32), (32, 2, 2, 16), (16, 2, 2, 4), (4, 2, 2, 1)]
- [(1, 2, 2, 4), (4, 2, 2, 16), (16, 2, 2, 8), (8, 2, 2, 20), (20, 2, 2, 8), (8, 2, 2, 20), (20, 2, 2, 8), (8, 2, 2, 20), (20, 2, 2, 8), (8, 2, 2, 4), (4, 2, 2, 1)]
- [(1, 2, 2, 4), (4, 2, 2, 8), (8, 2, 2, 8), (8, 2, 2, 8), (8, 2, 2, 8), (8, 2, 2, 8), (8, 2, 2, 8), (8, 2, 2, 8), (8, 2, 2, 8), (8, 2, 2, 4), (4, 2, 2, 1)]
Lh truncation errors:
- [0.00000000e+00 0.00000000e+00 6.60917881e-31 4.93118089e-27
 2.29191183e-30 3.41043553e-18 1.05021939e-30 0.00000000e+00
 0.00000000e+00 0.00000000e+00]
- [0.00000000e+00 0.00000000e+00 2.00063416e-30 1.59527957e-26
 2.29211391e-30 9.82231490e-18 1.05904942e-30 0.00000000e+00
 0.00000000e+00 0.00000000e+00]
- [0.00000000e+00 0.00000000e+00 9.56082079e-31 2.02243027e-25
 2.30885666e-30 5.24743259e-17 1.04823966e-30 0.00000000e+00
 0.00000000e+00 0.00000000e+00]
- [0.00000000e+00 0.00000000e+00 5.10333968e-31 3.56659457e-25
 2.41804912e-30 2.53569224e-17 1.01979579e-30 0.00000000e+00
 0.00000000e+00 0.00000000e+00]
- [0.00000000e+00 0.00000000e+00 5.12020631e-31 1.93417700e-26
 2.51750331e-30 7.40616288e-19 1.23641863e-30 0.00000000e+00
 0.00000000e+00 0.00000000e+00]
- [0.00000000e+00 0.00000000e+00 4.97763534e-31 7.44474814e-31
 2.25779830e-30 1.27131612e-30 1.45188203e-30 0.00000000e+00
 0.00000000e+00 0.00000000e+00]
- [0.00000000e+00 0.00000000e+00 2.99504006e-31 4.75839233e-31
 1.31307446e-30 3.86693970e-31 2.01510771e-30 0.00000000e+00
 0.00000000e+00 0.00000000e+00]
- [0.00000000e+00 0.00000000e+00 2.82511798e-31 3.43702296e-31
 5.59617806e-31 3.16082506e-31 6.70052532e-31 2.90583504e-31
 0.00000000e+00 0.00000000e+00]
- [0.00000000e+00 0.00000000e+00 2.83766491e-31 6.42144069e-32
 3.62605588e-31 7.11458541e-32 3.78763681e-31 5.50289798e-32
 1.07978944e-33 0.00000000e+00]
- [0.00000000e+00 4.25128481e-33 1.24077576e-31 1.30454874e-31
 1.31904286e-31 1.46549513e-31 1.15057720e-31 1.48812195e-31
 9.17782086e-33 0.00000000e+00]
-> EL = sum_n <Lh_n|CC*> = 0.24059360208189542.
Orthogonality column 11:
-> EC = <ALhAL*|CC*|ARhAR*> = 3.072160581485406e-13.
=> E = 0.24059360208220265.
=> deltaE_bc = 0.24059360208140998.
chi_max_b = 150, combine_hs = True.
Lh leg dimensions:
- [(1, 2, 2, 4), (4, 2, 2, 3), (3, 2, 2, 8), (8, 2, 2, 3), (3, 2, 2, 8), (8, 2, 2, 3), (3, 2, 2, 8), (8, 2, 2, 3), (3, 2, 2, 8), (8, 2, 2, 3), (3, 2, 2, 1)]
- [(1, 2, 2, 4), (4, 2, 2, 16), (16, 2, 2, 8), (8, 2, 2, 20), (20, 2, 2, 8), (8, 2, 2, 20), (20, 2, 2, 8), (8, 2, 2, 20), (20, 2, 2, 8), (8, 2, 2, 4), (4, 2, 2, 1)]
- [(1, 2, 2, 4), (4, 2, 2, 16), (16, 2, 2, 32), (32, 2, 2, 20), (20, 2, 2, 32), (32, 2, 2, 20), (20, 2, 2, 32), (32, 2, 2, 20), (20, 2, 2, 16), (16, 2, 2, 4), (4, 2, 2, 1)]
- [(1, 2, 2, 4), (4, 2, 2, 16), (16, 2, 2, 27), (27, 2, 2, 67), (67, 2, 2, 32), (32, 2, 2, 80), (80, 2, 2, 32), (32, 2, 2, 64), (64, 2, 2, 16), (16, 2, 2, 4), (4, 2, 2, 1)]
- [(1, 2, 2, 4), (4, 2, 2, 16), (16, 2, 2, 64), (64, 2, 2, 62), (62, 2, 2, 125), (125, 2, 2, 73), (73, 2, 2, 128), (128, 2, 2, 64), (64, 2, 2, 16), (16, 2, 2, 4), (4, 2, 2, 1)]
- [(1, 2, 2, 4), (4, 2, 2, 16), (16, 2, 2, 53), (53, 2, 2, 128), (128, 2, 2, 92), (92, 2, 2, 150), (150, 2, 2, 122), (122, 2, 2, 64), (64, 2, 2, 16), (16, 2, 2, 4), (4, 2, 2, 1)]
- [(1, 2, 2, 4), (4, 2, 2, 16), (16, 2, 2, 64), (64, 2, 2, 101), (101, 2, 2, 150), (150, 2, 2, 150), (150, 2, 2, 150), (150, 2, 2, 64), (64, 2, 2, 16), (16, 2, 2, 4), (4, 2, 2, 1)]
- [(1, 2, 2, 4), (4, 2, 2, 16), (16, 2, 2, 55), (55, 2, 2, 150), (150, 2, 2, 150), (150, 2, 2, 150), (150, 2, 2, 150), (150, 2, 2, 64), (64, 2, 2, 16), (16, 2, 2, 4), (4, 2, 2, 1)]
- [(1, 2, 2, 4), (4, 2, 2, 16), (16, 2, 2, 64), (64, 2, 2, 129), (129, 2, 2, 150), (150, 2, 2, 150), (150, 2, 2, 150), (150, 2, 2, 64), (64, 2, 2, 16), (16, 2, 2, 4), (4, 2, 2, 1)]
- [(1, 2, 2, 4), (4, 2, 2, 16), (16, 2, 2, 52), (52, 2, 2, 150), (150, 2, 2, 150), (150, 2, 2, 150), (150, 2, 2, 150), (150, 2, 2, 64), (64, 2, 2, 16), (16, 2, 2, 4), (4, 2, 2, 1)]
Lh truncation errors:
- [0.00000000e+00 8.27101384e-34 1.43121789e-36 1.65953455e-31
 2.57652553e-35 1.58111962e-31 5.75799604e-35 1.59437971e-31
 1.80885668e-35 3.32239526e-37]
- [0.00000000e+00 0.00000000e+00 3.07366170e-31 6.30281707e-32
 3.69062592e-31 6.37610052e-32 3.93673358e-31 6.20011996e-32
 6.47378182e-34 0.00000000e+00]
- [0.00000000e+00 0.00000000e+00 5.01884665e-31 6.26616142e-31
 2.53081031e-31 6.29472264e-31 2.57228338e-31 2.41911635e-31
 0.00000000e+00 0.00000000e+00]
- [0.00000000e+00 0.00000000e+00 1.34057704e-30 1.44813702e-30
 1.29005316e-30 2.72690076e-31 2.24132930e-30 0.00000000e+00
 0.00000000e+00 0.00000000e+00]
- [0.00000000e+00 0.00000000e+00 0.00000000e+00 2.48704500e-30
 2.65043488e-30 5.58783087e-30 7.28301431e-31 0.00000000e+00
 0.00000000e+00 0.00000000e+00]
- [0.00000000e+00 0.00000000e+00 1.37157433e-30 3.82944741e-30
 5.52925080e-30 5.41469955e-23 2.23682866e-30 0.00000000e+00
 0.00000000e+00 0.00000000e+00]
- [0.00000000e+00 0.00000000e+00 0.00000000e+00 5.26177827e-30
 1.76168020e-21 1.76509649e-27 2.09204557e-21 0.00000000e+00
 0.00000000e+00 0.00000000e+00]
- [0.00000000e+00 0.00000000e+00 7.02600795e-31 1.15504199e-28
 2.63056000e-29 4.60729179e-21 8.42466156e-29 0.00000000e+00
 0.00000000e+00 0.00000000e+00]
- [0.00000000e+00 0.00000000e+00 0.00000000e+00 5.37649260e-30
 1.20964269e-21 4.99643744e-25 1.33158759e-21 0.00000000e+00
 0.00000000e+00 0.00000000e+00]
- [0.00000000e+00 0.00000000e+00 3.88999600e-31 3.27356626e-30
 1.60541857e-29 5.67370403e-22 1.70090697e-28 0.00000000e+00
 0.00000000e+00 0.00000000e+00]
-> EL = <Lh|CC*> = 0.24059360208945654.
Orthogonality column 11:
-> EC = <ALhAL*|CC*|ARhAR*> = 3.072160581485406e-13.
=> E = 0.24059360208976377.
=> deltaE_bcc = 0.2405936020889711. 

chi_max_b = 216, combine_hs = False.
Lh leg dimensions:
- [(1, 2, 2, 4), (4, 2, 2, 16), (16, 2, 2, 56), (56, 2, 2, 175), (175, 2, 2, 215), (215, 2, 2, 216), (216, 2, 2, 209), (209, 2, 2, 64), (64, 2, 2, 16), (16, 2, 2, 4), (4, 2, 2, 1)]
- [(1, 2, 2, 4), (4, 2, 2, 16), (16, 2, 2, 57), (57, 2, 2, 183), (183, 2, 2, 216), (216, 2, 2, 216), (216, 2, 2, 212), (212, 2, 2, 64), (64, 2, 2, 16), (16, 2, 2, 4), (4, 2, 2, 1)]
- [(1, 2, 2, 4), (4, 2, 2, 16), (16, 2, 2, 61), (61, 2, 2, 191), (191, 2, 2, 216), (216, 2, 2, 216), (216, 2, 2, 211), (211, 2, 2, 64), (64, 2, 2, 16), (16, 2, 2, 4), (4, 2, 2, 1)]
- [(1, 2, 2, 4), (4, 2, 2, 16), (16, 2, 2, 62), (62, 2, 2, 191), (191, 2, 2, 205), (205, 2, 2, 216), (216, 2, 2, 207), (207, 2, 2, 64), (64, 2, 2, 16), (16, 2, 2, 4), (4, 2, 2, 1)]
- [(1, 2, 2, 4), (4, 2, 2, 16), (16, 2, 2, 61), (61, 2, 2, 179), (179, 2, 2, 128), (128, 2, 2, 216), (216, 2, 2, 128), (128, 2, 2, 64), (64, 2, 2, 16), (16, 2, 2, 4), (4, 2, 2, 1)]
- [(1, 2, 2, 4), (4, 2, 2, 16), (16, 2, 2, 57), (57, 2, 2, 128), (128, 2, 2, 80), (80, 2, 2, 128), (128, 2, 2, 80), (80, 2, 2, 64), (64, 2, 2, 16), (16, 2, 2, 4), (4, 2, 2, 1)]
- [(1, 2, 2, 4), (4, 2, 2, 16), (16, 2, 2, 32), (32, 2, 2, 80), (80, 2, 2, 32), (32, 2, 2, 80), (80, 2, 2, 32), (32, 2, 2, 64), (64, 2, 2, 16), (16, 2, 2, 4), (4, 2, 2, 1)]
- [(1, 2, 2, 4), (4, 2, 2, 16), (16, 2, 2, 20), (20, 2, 2, 32), (32, 2, 2, 20), (20, 2, 2, 32), (32, 2, 2, 20), (20, 2, 2, 32), (32, 2, 2, 16), (16, 2, 2, 4), (4, 2, 2, 1)]
- [(1, 2, 2, 4), (4, 2, 2, 16), (16, 2, 2, 8), (8, 2, 2, 20), (20, 2, 2, 8), (8, 2, 2, 20), (20, 2, 2, 8), (8, 2, 2, 20), (20, 2, 2, 8), (8, 2, 2, 4), (4, 2, 2, 1)]
- [(1, 2, 2, 4), (4, 2, 2, 8), (8, 2, 2, 8), (8, 2, 2, 8), (8, 2, 2, 8), (8, 2, 2, 8), (8, 2, 2, 8), (8, 2, 2, 8), (8, 2, 2, 8), (8, 2, 2, 4), (4, 2, 2, 1)]
Lh truncation errors:
- [0.00000000e+00 0.00000000e+00 6.59113650e-31 5.75987803e-30
 3.37537736e-30 4.02198750e-21 2.49795029e-30 0.00000000e+00
 0.00000000e+00 0.00000000e+00]
- [0.00000000e+00 0.00000000e+00 2.00445475e-30 4.26248300e-30
 2.64206200e-30 1.06395355e-20 1.81958424e-30 0.00000000e+00
 0.00000000e+00 0.00000000e+00]
- [0.00000000e+00 0.00000000e+00 9.58312069e-31 4.80378962e-30
 2.82713505e-30 3.31821676e-20 2.70840228e-30 0.00000000e+00
 0.00000000e+00 0.00000000e+00]
- [0.00000000e+00 0.00000000e+00 5.10684622e-31 2.47549370e-30
 7.81656078e-30 1.67777819e-20 2.88921472e-30 0.00000000e+00
 0.00000000e+00 0.00000000e+00]
- [0.00000000e+00 0.00000000e+00 5.12122230e-31 5.28219091e-30
 3.12050219e-30 7.36817801e-23 1.23641863e-30 0.00000000e+00
 0.00000000e+00 0.00000000e+00]
- [0.00000000e+00 0.00000000e+00 4.99161996e-31 7.44474850e-31
 2.25775572e-30 1.27133378e-30 1.45066855e-30 0.00000000e+00
 0.00000000e+00 0.00000000e+00]
- [0.00000000e+00 0.00000000e+00 2.99503999e-31 4.75839274e-31
 1.31270918e-30 3.86693933e-31 2.01237202e-30 0.00000000e+00
 0.00000000e+00 0.00000000e+00]
- [0.00000000e+00 0.00000000e+00 2.77785938e-31 3.43702317e-31
 5.58771882e-31 3.16348173e-31 6.71180175e-31 2.97452823e-31
 0.00000000e+00 0.00000000e+00]
- [0.00000000e+00 0.00000000e+00 2.84076842e-31 6.41919580e-32
 3.63345166e-31 7.01713263e-32 3.85078451e-31 5.49431093e-32
 3.28594240e-33 0.00000000e+00]
- [0.00000000e+00 4.03353993e-33 1.23423441e-31 1.30083639e-31
 1.31233806e-31 1.47384047e-31 1.14482308e-31 1.48297773e-31
 3.11219136e-32 0.00000000e+00]
-> EL = sum_n <Lh_n|CC*> = 0.24059360206435662.
Orthogonality column 11:
-> EC = <ALhAL*|CC*|ARhAR*> = 3.072160581485406e-13.
=> E = 0.24059360206466385.
=> deltaE_bc = 0.24059360206387118.
chi_max_b = 216, combine_hs = True.
Lh leg dimensions:
- [(1, 2, 2, 4), (4, 2, 2, 3), (3, 2, 2, 8), (8, 2, 2, 3), (3, 2, 2, 8), (8, 2, 2, 3), (3, 2, 2, 8), (8, 2, 2, 3), (3, 2, 2, 8), (8, 2, 2, 3), (3, 2, 2, 1)]
- [(1, 2, 2, 4), (4, 2, 2, 16), (16, 2, 2, 8), (8, 2, 2, 20), (20, 2, 2, 8), (8, 2, 2, 20), (20, 2, 2, 8), (8, 2, 2, 20), (20, 2, 2, 8), (8, 2, 2, 4), (4, 2, 2, 1)]
- [(1, 2, 2, 4), (4, 2, 2, 16), (16, 2, 2, 32), (32, 2, 2, 20), (20, 2, 2, 32), (32, 2, 2, 20), (20, 2, 2, 32), (32, 2, 2, 20), (20, 2, 2, 16), (16, 2, 2, 4), (4, 2, 2, 1)]
- [(1, 2, 2, 4), (4, 2, 2, 16), (16, 2, 2, 27), (27, 2, 2, 67), (67, 2, 2, 32), (32, 2, 2, 80), (80, 2, 2, 32), (32, 2, 2, 64), (64, 2, 2, 16), (16, 2, 2, 4), (4, 2, 2, 1)]
- [(1, 2, 2, 4), (4, 2, 2, 16), (16, 2, 2, 64), (64, 2, 2, 62), (62, 2, 2, 125), (125, 2, 2, 73), (73, 2, 2, 128), (128, 2, 2, 64), (64, 2, 2, 16), (16, 2, 2, 4), (4, 2, 2, 1)]
- [(1, 2, 2, 4), (4, 2, 2, 16), (16, 2, 2, 53), (53, 2, 2, 128), (128, 2, 2, 92), (92, 2, 2, 216), (216, 2, 2, 122), (122, 2, 2, 64), (64, 2, 2, 16), (16, 2, 2, 4), (4, 2, 2, 1)]
- [(1, 2, 2, 4), (4, 2, 2, 16), (16, 2, 2, 64), (64, 2, 2, 100), (100, 2, 2, 216), (216, 2, 2, 185), (185, 2, 2, 216), (216, 2, 2, 64), (64, 2, 2, 16), (16, 2, 2, 4), (4, 2, 2, 1)]
- [(1, 2, 2, 4), (4, 2, 2, 16), (16, 2, 2, 55), (55, 2, 2, 160), (160, 2, 2, 165), (165, 2, 2, 216), (216, 2, 2, 168), (168, 2, 2, 64), (64, 2, 2, 16), (16, 2, 2, 4), (4, 2, 2, 1)]
- [(1, 2, 2, 4), (4, 2, 2, 16), (16, 2, 2, 64), (64, 2, 2, 128), (128, 2, 2, 216), (216, 2, 2, 216), (216, 2, 2, 216), (216, 2, 2, 64), (64, 2, 2, 16), (16, 2, 2, 4), (4, 2, 2, 1)]
- [(1, 2, 2, 4), (4, 2, 2, 16), (16, 2, 2, 52), (52, 2, 2, 149), (149, 2, 2, 163), (163, 2, 2, 216), (216, 2, 2, 174), (174, 2, 2, 64), (64, 2, 2, 16), (16, 2, 2, 4), (4, 2, 2, 1)]
Lh truncation errors:
- [0.00000000e+00 1.18088707e-33 4.02723008e-36 1.72255604e-31
 2.96709562e-35 1.55655656e-31 7.84851788e-36 1.61417808e-31
 6.16936267e-36 1.43762195e-37]
- [0.00000000e+00 0.00000000e+00 3.08562975e-31 6.27860852e-32
 3.69607652e-31 6.37575157e-32 3.95525949e-31 6.20010128e-32
 7.74404635e-34 0.00000000e+00]
- [0.00000000e+00 0.00000000e+00 5.01884665e-31 6.25916690e-31
 2.51675028e-31 6.32358653e-31 2.57497164e-31 2.42909995e-31
 0.00000000e+00 0.00000000e+00]
- [0.00000000e+00 0.00000000e+00 1.33939119e-30 1.44725244e-30
 1.28194285e-30 2.71702060e-31 2.22074066e-30 0.00000000e+00
 0.00000000e+00 0.00000000e+00]
- [0.00000000e+00 0.00000000e+00 0.00000000e+00 2.48780367e-30
 2.64925425e-30 5.59075217e-30 7.28307512e-31 0.00000000e+00
 0.00000000e+00 0.00000000e+00]
- [0.00000000e+00 0.00000000e+00 1.36363158e-30 3.84870238e-30
 5.50437402e-30 1.67824032e-29 2.25768448e-30 0.00000000e+00
 0.00000000e+00 0.00000000e+00]
- [0.00000000e+00 0.00000000e+00 0.00000000e+00 5.44456518e-30
 1.43450428e-25 7.34466974e-30 9.52270275e-26 0.00000000e+00
 0.00000000e+00 0.00000000e+00]
- [0.00000000e+00 0.00000000e+00 7.01854753e-31 5.07239665e-30
 7.99655754e-30 1.09379970e-24 6.04892350e-30 0.00000000e+00
 0.00000000e+00 0.00000000e+00]
- [0.00000000e+00 0.00000000e+00 0.00000000e+00 6.80683137e-30
 2.47549390e-25 8.00202992e-29 3.94756453e-26 0.00000000e+00
 0.00000000e+00 0.00000000e+00]
- [0.00000000e+00 0.00000000e+00 3.90115443e-31 4.09374173e-30
 8.55940250e-30 5.79912116e-25 4.67366852e-30 0.00000000e+00
 0.00000000e+00 0.00000000e+00]
-> EL = <Lh|CC*> = 0.2405936020640697.
Orthogonality column 11:
-> EC = <ALhAL*|CC*|ARhAR*> = 3.072160581485406e-13.
=> E = 0.24059360206437694.
=> deltaE_bcc = 0.24059360206358427. 

for chi_max_bs = [24, 54, 96, 150, 216]:
- without combining hs: 
deltaEs = [0.24049157 0.24059408 0.2405936  0.2405936  0.2405936 ], 
maximal truncation errors = [2.03556434e-05 3.61667106e-09 2.01367127e-13 5.24743259e-17
 3.31821676e-20]. 
- with combining hs: 
deltaEs = [0.24080822 0.24059315 0.2405936  0.2405936  0.2405936 ], 
maximal truncation errors = [1.26449666e-08 1.14659004e-12 2.63256447e-17 4.60729179e-21
 1.09379970e-24].
