Lx = 6, Ly = 6, g = 3.5, D_max = 2, chi_max_c = 12, zeroE = True. 

E = sum_n <iso_peps|h_n|iso_peps> = sum_n [ 2.51638987e-14 -3.42670964e-14 -9.80134061e-14  1.10024348e-13
  8.68645433e-14 -2.36929704e-14 -7.85506791e-14  3.89016549e-16
 -1.71267682e-13  2.09842147e-13  1.33745117e-13] 
  = 1.6023723682481085e-13. 

chi_max_b = 24, combine_hs = False.
Lh leg dimensions:
- [(1, 2, 2, 4), (4, 2, 2, 16), (16, 2, 2, 24), (24, 2, 2, 24), (24, 2, 2, 24), (24, 2, 2, 24), (24, 2, 2, 24), (24, 2, 2, 24), (24, 2, 2, 16), (16, 2, 2, 4), (4, 2, 2, 1)]
- [(1, 2, 2, 4), (4, 2, 2, 16), (16, 2, 2, 24), (24, 2, 2, 24), (24, 2, 2, 24), (24, 2, 2, 24), (24, 2, 2, 24), (24, 2, 2, 24), (24, 2, 2, 16), (16, 2, 2, 4), (4, 2, 2, 1)]
- [(1, 2, 2, 4), (4, 2, 2, 16), (16, 2, 2, 24), (24, 2, 2, 24), (24, 2, 2, 24), (24, 2, 2, 24), (24, 2, 2, 24), (24, 2, 2, 24), (24, 2, 2, 16), (16, 2, 2, 4), (4, 2, 2, 1)]
- [(1, 2, 2, 4), (4, 2, 2, 16), (16, 2, 2, 24), (24, 2, 2, 24), (24, 2, 2, 24), (24, 2, 2, 24), (24, 2, 2, 24), (24, 2, 2, 24), (24, 2, 2, 16), (16, 2, 2, 4), (4, 2, 2, 1)]
- [(1, 2, 2, 4), (4, 2, 2, 16), (16, 2, 2, 24), (24, 2, 2, 24), (24, 2, 2, 24), (24, 2, 2, 24), (24, 2, 2, 24), (24, 2, 2, 24), (24, 2, 2, 16), (16, 2, 2, 4), (4, 2, 2, 1)]
- [(1, 2, 2, 4), (4, 2, 2, 16), (16, 2, 2, 24), (24, 2, 2, 24), (24, 2, 2, 24), (24, 2, 2, 24), (24, 2, 2, 24), (24, 2, 2, 24), (24, 2, 2, 16), (16, 2, 2, 4), (4, 2, 2, 1)]
- [(1, 2, 2, 4), (4, 2, 2, 16), (16, 2, 2, 24), (24, 2, 2, 24), (24, 2, 2, 24), (24, 2, 2, 24), (24, 2, 2, 24), (24, 2, 2, 24), (24, 2, 2, 16), (16, 2, 2, 4), (4, 2, 2, 1)]
- [(1, 2, 2, 4), (4, 2, 2, 16), (16, 2, 2, 20), (20, 2, 2, 24), (24, 2, 2, 20), (20, 2, 2, 24), (24, 2, 2, 20), (20, 2, 2, 24), (24, 2, 2, 16), (16, 2, 2, 4), (4, 2, 2, 1)]
- [(1, 2, 2, 4), (4, 2, 2, 16), (16, 2, 2, 8), (8, 2, 2, 20), (20, 2, 2, 8), (8, 2, 2, 20), (20, 2, 2, 8), (8, 2, 2, 20), (20, 2, 2, 8), (8, 2, 2, 4), (4, 2, 2, 1)]
- [(1, 2, 2, 4), (4, 2, 2, 8), (8, 2, 2, 8), (8, 2, 2, 8), (8, 2, 2, 8), (8, 2, 2, 8), (8, 2, 2, 8), (8, 2, 2, 8), (8, 2, 2, 8), (8, 2, 2, 4), (4, 2, 2, 1)]
Lh truncation errors:
- [0.00000000e+00 0.00000000e+00 1.95096537e-31 9.32388627e-13
 3.59971701e-31 4.01819813e-08 3.56865258e-31 6.69392144e-09
 0.00000000e+00 0.00000000e+00]
- [0.00000000e+00 0.00000000e+00 1.95715482e-31 1.58976536e-12
 3.58361908e-31 1.96810373e-07 3.64957556e-31 6.49508164e-09
 0.00000000e+00 0.00000000e+00]
- [0.00000000e+00 0.00000000e+00 2.69015048e-31 1.74193022e-11
 3.67113524e-31 5.38810971e-07 3.64474024e-31 3.57165507e-08
 0.00000000e+00 0.00000000e+00]
- [0.00000000e+00 0.00000000e+00 2.54392567e-31 6.71163552e-10
 3.87783807e-31 3.96236159e-06 3.96905434e-31 4.04572945e-07
 0.00000000e+00 0.00000000e+00]
- [0.00000000e+00 0.00000000e+00 2.34312574e-31 3.26146424e-09
 4.36427884e-31 4.96171584e-06 3.06686740e-31 6.28286220e-07
 0.00000000e+00 0.00000000e+00]
- [0.00000000e+00 0.00000000e+00 2.21351667e-31 2.54698084e-09
 4.21424926e-31 1.38636726e-06 5.32253741e-31 1.57987614e-07
 0.00000000e+00 0.00000000e+00]
- [0.00000000e+00 0.00000000e+00 2.09373054e-31 1.87581035e-10
 3.66033875e-31 2.78612843e-08 4.33175223e-31 5.25928029e-09
 0.00000000e+00 0.00000000e+00]
- [0.00000000e+00 0.00000000e+00 2.29858472e-31 3.71754223e-13
 4.16134049e-31 1.53287432e-10 5.05625481e-31 4.23898716e-11
 0.00000000e+00 0.00000000e+00]
- [0.00000000e+00 0.00000000e+00 2.79642171e-31 7.31422390e-32
 3.74867564e-31 6.62878399e-32 3.84826373e-31 5.75702427e-32
 1.61547949e-33 0.00000000e+00]
- [0.00000000e+00 2.39642290e-33 1.32064899e-31 1.34527354e-31
 1.32590846e-31 1.43106335e-31 1.17264562e-31 1.82955807e-31
 6.23723409e-34 0.00000000e+00]
-> EL = sum_n <Lh_n|CC*> = 0.25391538916159245.
Orthogonality column 11:
-> EC = <ALhAL*|CC*|ARhAR*> = 1.3374511730537477e-13.
=> E = 0.2539153891617262.
=> deltaE_bc = 0.2539153891615659.
chi_max_b = 24, combine_hs = True.
Lh leg dimensions:
- [(1, 2, 2, 4), (4, 2, 2, 3), (3, 2, 2, 8), (8, 2, 2, 3), (3, 2, 2, 8), (8, 2, 2, 3), (3, 2, 2, 8), (8, 2, 2, 3), (3, 2, 2, 8), (8, 2, 2, 3), (3, 2, 2, 1)]
- [(1, 2, 2, 4), (4, 2, 2, 16), (16, 2, 2, 8), (8, 2, 2, 20), (20, 2, 2, 8), (8, 2, 2, 20), (20, 2, 2, 8), (8, 2, 2, 20), (20, 2, 2, 8), (8, 2, 2, 4), (4, 2, 2, 1)]
- [(1, 2, 2, 4), (4, 2, 2, 16), (16, 2, 2, 24), (24, 2, 2, 20), (20, 2, 2, 24), (24, 2, 2, 20), (20, 2, 2, 24), (24, 2, 2, 20), (20, 2, 2, 16), (16, 2, 2, 4), (4, 2, 2, 1)]
- [(1, 2, 2, 4), (4, 2, 2, 16), (16, 2, 2, 24), (24, 2, 2, 24), (24, 2, 2, 24), (24, 2, 2, 24), (24, 2, 2, 24), (24, 2, 2, 24), (24, 2, 2, 16), (16, 2, 2, 4), (4, 2, 2, 1)]
- [(1, 2, 2, 4), (4, 2, 2, 16), (16, 2, 2, 24), (24, 2, 2, 24), (24, 2, 2, 24), (24, 2, 2, 24), (24, 2, 2, 24), (24, 2, 2, 24), (24, 2, 2, 16), (16, 2, 2, 4), (4, 2, 2, 1)]
- [(1, 2, 2, 4), (4, 2, 2, 16), (16, 2, 2, 24), (24, 2, 2, 24), (24, 2, 2, 24), (24, 2, 2, 24), (24, 2, 2, 24), (24, 2, 2, 24), (24, 2, 2, 16), (16, 2, 2, 4), (4, 2, 2, 1)]
- [(1, 2, 2, 4), (4, 2, 2, 16), (16, 2, 2, 24), (24, 2, 2, 24), (24, 2, 2, 24), (24, 2, 2, 24), (24, 2, 2, 24), (24, 2, 2, 24), (24, 2, 2, 16), (16, 2, 2, 4), (4, 2, 2, 1)]
- [(1, 2, 2, 4), (4, 2, 2, 16), (16, 2, 2, 24), (24, 2, 2, 24), (24, 2, 2, 24), (24, 2, 2, 24), (24, 2, 2, 24), (24, 2, 2, 24), (24, 2, 2, 16), (16, 2, 2, 4), (4, 2, 2, 1)]
- [(1, 2, 2, 4), (4, 2, 2, 16), (16, 2, 2, 24), (24, 2, 2, 24), (24, 2, 2, 24), (24, 2, 2, 24), (24, 2, 2, 24), (24, 2, 2, 24), (24, 2, 2, 16), (16, 2, 2, 4), (4, 2, 2, 1)]
- [(1, 2, 2, 4), (4, 2, 2, 16), (16, 2, 2, 24), (24, 2, 2, 24), (24, 2, 2, 24), (24, 2, 2, 24), (24, 2, 2, 24), (24, 2, 2, 24), (24, 2, 2, 16), (16, 2, 2, 4), (4, 2, 2, 1)]
Lh truncation errors:
- [0.00000000e+00 1.15895594e-33 1.94126290e-35 1.66679968e-31
 5.51663605e-35 1.56286554e-31 1.56030833e-34 1.61193446e-31
 4.50131400e-36 1.09772596e-36]
- [0.00000000e+00 0.00000000e+00 3.13565906e-31 6.32077058e-32
 3.72711011e-31 6.25260236e-32 3.91184768e-31 5.84597016e-32
 7.09746131e-33 0.00000000e+00]
- [0.00000000e+00 0.00000000e+00 9.61459375e-24 4.34592815e-31
 7.94029627e-18 4.17655209e-31 1.05227611e-15 2.42780375e-31
 0.00000000e+00 0.00000000e+00]
- [0.00000000e+00 0.00000000e+00 1.01243835e-28 8.72249802e-14
 5.32006222e-21 4.32574727e-11 3.80951075e-19 3.38967221e-10
 0.00000000e+00 0.00000000e+00]
- [0.00000000e+00 0.00000000e+00 7.87794320e-15 2.63240796e-16
 9.79299661e-10 2.44246310e-14 2.17325996e-09 4.75507407e-14
 0.00000000e+00 0.00000000e+00]
- [0.00000000e+00 0.00000000e+00 2.94643635e-20 5.73398667e-12
 7.39763638e-15 2.60403469e-09 5.42900887e-13 4.59974909e-10
 0.00000000e+00 0.00000000e+00]
- [0.00000000e+00 0.00000000e+00 2.62517509e-13 5.41711834e-15
 8.05718986e-10 6.24423538e-13 5.23375942e-10 1.08067398e-13
 0.00000000e+00 0.00000000e+00]
- [0.00000000e+00 0.00000000e+00 1.59726031e-19 6.97439597e-12
 8.89398232e-14 1.80472771e-10 9.11481604e-14 5.13151371e-10
 0.00000000e+00 0.00000000e+00]
- [0.00000000e+00 0.00000000e+00 1.12793412e-14 1.34243219e-14
 1.70391739e-10 9.14097162e-14 1.14536866e-08 1.68805914e-12
 0.00000000e+00 0.00000000e+00]
- [0.00000000e+00 0.00000000e+00 4.66432070e-21 3.29169447e-13
 1.21731642e-14 7.30182114e-10 2.59730262e-12 3.71632559e-11
 0.00000000e+00 0.00000000e+00]
-> EL = <Lh|CC*> = 0.25401210877560915.
Orthogonality column 11:
-> EC = <ALhAL*|CC*|ARhAR*> = 1.3374511730537477e-13.
=> E = 0.2540121087757429.
=> deltaE_bcc = 0.2540121087755826. 

chi_max_b = 54, combine_hs = False.
Lh leg dimensions:
- [(1, 2, 2, 4), (4, 2, 2, 16), (16, 2, 2, 53), (53, 2, 2, 54), (54, 2, 2, 54), (54, 2, 2, 54), (54, 2, 2, 54), (54, 2, 2, 54), (54, 2, 2, 16), (16, 2, 2, 4), (4, 2, 2, 1)]
- [(1, 2, 2, 4), (4, 2, 2, 16), (16, 2, 2, 54), (54, 2, 2, 54), (54, 2, 2, 54), (54, 2, 2, 54), (54, 2, 2, 54), (54, 2, 2, 54), (54, 2, 2, 16), (16, 2, 2, 4), (4, 2, 2, 1)]
- [(1, 2, 2, 4), (4, 2, 2, 16), (16, 2, 2, 54), (54, 2, 2, 54), (54, 2, 2, 54), (54, 2, 2, 54), (54, 2, 2, 54), (54, 2, 2, 54), (54, 2, 2, 16), (16, 2, 2, 4), (4, 2, 2, 1)]
- [(1, 2, 2, 4), (4, 2, 2, 16), (16, 2, 2, 54), (54, 2, 2, 54), (54, 2, 2, 54), (54, 2, 2, 54), (54, 2, 2, 54), (54, 2, 2, 54), (54, 2, 2, 16), (16, 2, 2, 4), (4, 2, 2, 1)]
- [(1, 2, 2, 4), (4, 2, 2, 16), (16, 2, 2, 54), (54, 2, 2, 54), (54, 2, 2, 54), (54, 2, 2, 54), (54, 2, 2, 54), (54, 2, 2, 54), (54, 2, 2, 16), (16, 2, 2, 4), (4, 2, 2, 1)]
- [(1, 2, 2, 4), (4, 2, 2, 16), (16, 2, 2, 54), (54, 2, 2, 54), (54, 2, 2, 54), (54, 2, 2, 54), (54, 2, 2, 54), (54, 2, 2, 54), (54, 2, 2, 16), (16, 2, 2, 4), (4, 2, 2, 1)]
- [(1, 2, 2, 4), (4, 2, 2, 16), (16, 2, 2, 32), (32, 2, 2, 54), (54, 2, 2, 32), (32, 2, 2, 54), (54, 2, 2, 32), (32, 2, 2, 54), (54, 2, 2, 16), (16, 2, 2, 4), (4, 2, 2, 1)]
- [(1, 2, 2, 4), (4, 2, 2, 16), (16, 2, 2, 20), (20, 2, 2, 32), (32, 2, 2, 20), (20, 2, 2, 32), (32, 2, 2, 20), (20, 2, 2, 32), (32, 2, 2, 16), (16, 2, 2, 4), (4, 2, 2, 1)]
- [(1, 2, 2, 4), (4, 2, 2, 16), (16, 2, 2, 8), (8, 2, 2, 20), (20, 2, 2, 8), (8, 2, 2, 20), (20, 2, 2, 8), (8, 2, 2, 20), (20, 2, 2, 8), (8, 2, 2, 4), (4, 2, 2, 1)]
- [(1, 2, 2, 4), (4, 2, 2, 8), (8, 2, 2, 8), (8, 2, 2, 8), (8, 2, 2, 8), (8, 2, 2, 8), (8, 2, 2, 8), (8, 2, 2, 8), (8, 2, 2, 8), (8, 2, 2, 4), (4, 2, 2, 1)]
Lh truncation errors:
- [0.00000000e+00 0.00000000e+00 5.42488618e-31 1.27016158e-17
 8.13150101e-31 2.22228121e-12 1.02652073e-30 4.73157896e-15
 0.00000000e+00 0.00000000e+00]
- [0.00000000e+00 0.00000000e+00 2.39749212e-31 3.46336202e-17
 8.23482361e-31 5.13194386e-12 8.53501843e-31 2.92384704e-15
 0.00000000e+00 0.00000000e+00]
- [0.00000000e+00 0.00000000e+00 2.40072430e-31 1.15983025e-16
 8.24713531e-31 2.41706739e-11 1.17159120e-30 6.76586280e-15
 0.00000000e+00 0.00000000e+00]
- [0.00000000e+00 0.00000000e+00 2.40159556e-31 3.87877504e-15
 8.85332075e-31 2.23794229e-10 9.02921518e-31 8.97001932e-14
 0.00000000e+00 0.00000000e+00]
- [0.00000000e+00 0.00000000e+00 2.25794145e-31 1.93582974e-15
 9.77441874e-31 5.10588115e-11 7.09082887e-31 5.30723862e-14
 0.00000000e+00 0.00000000e+00]
- [0.00000000e+00 0.00000000e+00 2.33402683e-31 2.01237341e-16
 9.66815831e-31 1.13467863e-11 1.12443126e-30 2.49877354e-15
 0.00000000e+00 0.00000000e+00]
- [0.00000000e+00 0.00000000e+00 2.49722807e-31 5.59506531e-19
 9.42337467e-31 1.04680299e-14 1.09337103e-30 4.53913924e-18
 0.00000000e+00 0.00000000e+00]
- [0.00000000e+00 0.00000000e+00 2.26974851e-31 3.05347810e-31
 5.86168877e-31 2.86434686e-31 7.07151570e-31 2.78354168e-31
 0.00000000e+00 0.00000000e+00]
- [0.00000000e+00 0.00000000e+00 2.77809515e-31 7.31338810e-32
 3.74226659e-31 6.61921688e-32 3.86810873e-31 5.73009756e-32
 8.90438280e-34 0.00000000e+00]
- [0.00000000e+00 2.39631896e-33 1.33058412e-31 1.34631743e-31
 1.33166311e-31 1.48896743e-31 1.20021673e-31 1.81352037e-31
 2.32070271e-34 0.00000000e+00]
-> EL = sum_n <Lh_n|CC*> = 0.2538748505648759.
Orthogonality column 11:
-> EC = <ALhAL*|CC*|ARhAR*> = 1.3374511730537477e-13.
=> E = 0.25387485056500964.
=> deltaE_bc = 0.2538748505648494.
chi_max_b = 54, combine_hs = True.
Lh leg dimensions:
- [(1, 2, 2, 4), (4, 2, 2, 3), (3, 2, 2, 8), (8, 2, 2, 3), (3, 2, 2, 8), (8, 2, 2, 3), (3, 2, 2, 8), (8, 2, 2, 3), (3, 2, 2, 8), (8, 2, 2, 3), (3, 2, 2, 1)]
- [(1, 2, 2, 4), (4, 2, 2, 16), (16, 2, 2, 8), (8, 2, 2, 20), (20, 2, 2, 8), (8, 2, 2, 20), (20, 2, 2, 8), (8, 2, 2, 20), (20, 2, 2, 8), (8, 2, 2, 4), (4, 2, 2, 1)]
- [(1, 2, 2, 4), (4, 2, 2, 16), (16, 2, 2, 32), (32, 2, 2, 20), (20, 2, 2, 32), (32, 2, 2, 20), (20, 2, 2, 32), (32, 2, 2, 20), (20, 2, 2, 16), (16, 2, 2, 4), (4, 2, 2, 1)]
- [(1, 2, 2, 4), (4, 2, 2, 16), (16, 2, 2, 26), (26, 2, 2, 54), (54, 2, 2, 32), (32, 2, 2, 54), (54, 2, 2, 32), (32, 2, 2, 54), (54, 2, 2, 16), (16, 2, 2, 4), (4, 2, 2, 1)]
- [(1, 2, 2, 4), (4, 2, 2, 16), (16, 2, 2, 54), (54, 2, 2, 54), (54, 2, 2, 54), (54, 2, 2, 54), (54, 2, 2, 54), (54, 2, 2, 54), (54, 2, 2, 16), (16, 2, 2, 4), (4, 2, 2, 1)]
- [(1, 2, 2, 4), (4, 2, 2, 16), (16, 2, 2, 47), (47, 2, 2, 54), (54, 2, 2, 54), (54, 2, 2, 54), (54, 2, 2, 54), (54, 2, 2, 54), (54, 2, 2, 16), (16, 2, 2, 4), (4, 2, 2, 1)]
- [(1, 2, 2, 4), (4, 2, 2, 16), (16, 2, 2, 54), (54, 2, 2, 54), (54, 2, 2, 54), (54, 2, 2, 54), (54, 2, 2, 54), (54, 2, 2, 54), (54, 2, 2, 16), (16, 2, 2, 4), (4, 2, 2, 1)]
- [(1, 2, 2, 4), (4, 2, 2, 16), (16, 2, 2, 51), (51, 2, 2, 54), (54, 2, 2, 54), (54, 2, 2, 54), (54, 2, 2, 54), (54, 2, 2, 54), (54, 2, 2, 16), (16, 2, 2, 4), (4, 2, 2, 1)]
- [(1, 2, 2, 4), (4, 2, 2, 16), (16, 2, 2, 54), (54, 2, 2, 54), (54, 2, 2, 54), (54, 2, 2, 54), (54, 2, 2, 54), (54, 2, 2, 54), (54, 2, 2, 16), (16, 2, 2, 4), (4, 2, 2, 1)]
- [(1, 2, 2, 4), (4, 2, 2, 16), (16, 2, 2, 53), (53, 2, 2, 54), (54, 2, 2, 54), (54, 2, 2, 54), (54, 2, 2, 54), (54, 2, 2, 54), (54, 2, 2, 16), (16, 2, 2, 4), (4, 2, 2, 1)]
Lh truncation errors:
- [0.00000000e+00 8.17797073e-35 2.29568787e-35 1.59567546e-31
 4.55263203e-35 1.58702437e-31 1.18965443e-34 1.57385611e-31
 3.40495852e-36 1.12194409e-37]
- [0.00000000e+00 0.00000000e+00 3.17267823e-31 6.31911105e-32
 3.72164066e-31 6.26426135e-32 3.95313555e-31 5.85043828e-32
 1.87361586e-32 0.00000000e+00]
- [0.00000000e+00 0.00000000e+00 3.06584666e-31 6.16086938e-31
 2.48884861e-31 5.95354262e-31 2.55453731e-31 2.43077479e-31
 0.00000000e+00 0.00000000e+00]
- [0.00000000e+00 0.00000000e+00 5.69191444e-31 3.99842740e-26
 1.16130813e-30 2.28102869e-17 9.64384106e-31 1.06835533e-21
 0.00000000e+00 0.00000000e+00]
- [0.00000000e+00 0.00000000e+00 5.99918949e-26 4.39779970e-28
 1.04868899e-13 1.48054243e-22 4.25683528e-15 8.00988297e-26
 0.00000000e+00 0.00000000e+00]
- [0.00000000e+00 0.00000000e+00 1.58205025e-30 9.15501285e-18
 3.76022850e-21 9.18450990e-13 8.36415381e-19 3.98428398e-15
 0.00000000e+00 0.00000000e+00]
- [0.00000000e+00 0.00000000e+00 1.80552459e-19 1.42822596e-21
 5.83307303e-14 4.30326514e-17 5.37539070e-14 1.25615857e-19
 0.00000000e+00 0.00000000e+00]
- [0.00000000e+00 0.00000000e+00 1.65223039e-30 1.46143729e-18
 6.71200162e-20 1.35690178e-14 1.06987858e-18 2.33360743e-17
 0.00000000e+00 0.00000000e+00]
- [0.00000000e+00 0.00000000e+00 1.58980865e-21 5.59538537e-22
 2.06233776e-14 1.18646093e-18 3.43727428e-14 5.26258525e-21
 0.00000000e+00 0.00000000e+00]
- [0.00000000e+00 0.00000000e+00 6.32763868e-31 1.07578988e-19
 8.42287396e-22 8.95029077e-15 8.68673230e-19 1.77403923e-17
 0.00000000e+00 0.00000000e+00]
-> EL = <Lh|CC*> = 0.2538752801202033.
Orthogonality column 11:
-> EC = <ALhAL*|CC*|ARhAR*> = 1.3374511730537477e-13.
=> E = 0.253875280120337.
=> deltaE_bcc = 0.25387528012017674. 

chi_max_b = 96, combine_hs = False.
Lh leg dimensions:
- [(1, 2, 2, 4), (4, 2, 2, 16), (16, 2, 2, 57), (57, 2, 2, 96), (96, 2, 2, 96), (96, 2, 2, 96), (96, 2, 2, 96), (96, 2, 2, 64), (64, 2, 2, 16), (16, 2, 2, 4), (4, 2, 2, 1)]
- [(1, 2, 2, 4), (4, 2, 2, 16), (16, 2, 2, 58), (58, 2, 2, 96), (96, 2, 2, 96), (96, 2, 2, 96), (96, 2, 2, 96), (96, 2, 2, 64), (64, 2, 2, 16), (16, 2, 2, 4), (4, 2, 2, 1)]
- [(1, 2, 2, 4), (4, 2, 2, 16), (16, 2, 2, 59), (59, 2, 2, 96), (96, 2, 2, 96), (96, 2, 2, 96), (96, 2, 2, 96), (96, 2, 2, 64), (64, 2, 2, 16), (16, 2, 2, 4), (4, 2, 2, 1)]
- [(1, 2, 2, 4), (4, 2, 2, 16), (16, 2, 2, 60), (60, 2, 2, 96), (96, 2, 2, 96), (96, 2, 2, 96), (96, 2, 2, 96), (96, 2, 2, 64), (64, 2, 2, 16), (16, 2, 2, 4), (4, 2, 2, 1)]
- [(1, 2, 2, 4), (4, 2, 2, 16), (16, 2, 2, 58), (58, 2, 2, 96), (96, 2, 2, 96), (96, 2, 2, 96), (96, 2, 2, 96), (96, 2, 2, 64), (64, 2, 2, 16), (16, 2, 2, 4), (4, 2, 2, 1)]
- [(1, 2, 2, 4), (4, 2, 2, 16), (16, 2, 2, 56), (56, 2, 2, 96), (96, 2, 2, 80), (80, 2, 2, 96), (96, 2, 2, 80), (80, 2, 2, 64), (64, 2, 2, 16), (16, 2, 2, 4), (4, 2, 2, 1)]
- [(1, 2, 2, 4), (4, 2, 2, 16), (16, 2, 2, 32), (32, 2, 2, 80), (80, 2, 2, 32), (32, 2, 2, 80), (80, 2, 2, 32), (32, 2, 2, 64), (64, 2, 2, 16), (16, 2, 2, 4), (4, 2, 2, 1)]
- [(1, 2, 2, 4), (4, 2, 2, 16), (16, 2, 2, 20), (20, 2, 2, 32), (32, 2, 2, 20), (20, 2, 2, 32), (32, 2, 2, 20), (20, 2, 2, 32), (32, 2, 2, 16), (16, 2, 2, 4), (4, 2, 2, 1)]
- [(1, 2, 2, 4), (4, 2, 2, 16), (16, 2, 2, 8), (8, 2, 2, 20), (20, 2, 2, 8), (8, 2, 2, 20), (20, 2, 2, 8), (8, 2, 2, 20), (20, 2, 2, 8), (8, 2, 2, 4), (4, 2, 2, 1)]
- [(1, 2, 2, 4), (4, 2, 2, 8), (8, 2, 2, 8), (8, 2, 2, 8), (8, 2, 2, 8), (8, 2, 2, 8), (8, 2, 2, 8), (8, 2, 2, 8), (8, 2, 2, 8), (8, 2, 2, 4), (4, 2, 2, 1)]
Lh truncation errors:
- [0.00000000e+00 0.00000000e+00 2.36420355e-31 5.43166864e-22
 1.45036140e-30 5.76214431e-16 1.78431690e-30 0.00000000e+00
 0.00000000e+00 0.00000000e+00]
- [0.00000000e+00 0.00000000e+00 9.32621400e-31 3.63799332e-21
 1.46027861e-30 3.56508288e-16 1.78228040e-30 0.00000000e+00
 0.00000000e+00 0.00000000e+00]
- [0.00000000e+00 0.00000000e+00 4.32357625e-31 4.78404499e-21
 1.46479746e-30 7.80454149e-16 1.78175609e-30 0.00000000e+00
 0.00000000e+00 0.00000000e+00]
- [0.00000000e+00 0.00000000e+00 8.57473347e-31 2.72453609e-20
 1.57911928e-30 5.54968028e-15 1.73346253e-30 0.00000000e+00
 0.00000000e+00 0.00000000e+00]
- [0.00000000e+00 0.00000000e+00 4.96822606e-31 6.15250634e-22
 1.73556637e-30 2.41023209e-16 1.38410422e-30 0.00000000e+00
 0.00000000e+00 0.00000000e+00]
- [0.00000000e+00 0.00000000e+00 6.28303389e-31 6.52938018e-25
 1.76477851e-30 1.64588316e-19 1.59744894e-30 0.00000000e+00
 0.00000000e+00 0.00000000e+00]
- [0.00000000e+00 0.00000000e+00 2.48273756e-31 4.59724378e-31
 1.47159749e-30 3.91941864e-31 1.81089345e-30 0.00000000e+00
 0.00000000e+00 0.00000000e+00]
- [0.00000000e+00 0.00000000e+00 2.27220256e-31 3.63214373e-31
 5.85465432e-31 2.84506483e-31 7.06437426e-31 2.78350906e-31
 0.00000000e+00 0.00000000e+00]
- [0.00000000e+00 0.00000000e+00 2.78664503e-31 7.31171237e-32
 3.74395907e-31 6.62982887e-32 3.95901901e-31 5.72634497e-32
 6.13302138e-33 0.00000000e+00]
- [0.00000000e+00 2.45576900e-33 1.33533376e-31 1.34637625e-31
 1.33449372e-31 1.46821607e-31 1.19224942e-31 1.82804554e-31
 8.32716848e-34 0.00000000e+00]
-> EL = sum_n <Lh_n|CC*> = 0.25387476033443546.
Orthogonality column 11:
-> EC = <ALhAL*|CC*|ARhAR*> = 1.3374511730537477e-13.
=> E = 0.2538747603345692.
=> deltaE_bc = 0.2538747603344089.
chi_max_b = 96, combine_hs = True.
Lh leg dimensions:
- [(1, 2, 2, 4), (4, 2, 2, 3), (3, 2, 2, 8), (8, 2, 2, 3), (3, 2, 2, 8), (8, 2, 2, 3), (3, 2, 2, 8), (8, 2, 2, 3), (3, 2, 2, 8), (8, 2, 2, 3), (3, 2, 2, 1)]
- [(1, 2, 2, 4), (4, 2, 2, 16), (16, 2, 2, 8), (8, 2, 2, 20), (20, 2, 2, 8), (8, 2, 2, 20), (20, 2, 2, 8), (8, 2, 2, 20), (20, 2, 2, 8), (8, 2, 2, 4), (4, 2, 2, 1)]
- [(1, 2, 2, 4), (4, 2, 2, 16), (16, 2, 2, 32), (32, 2, 2, 20), (20, 2, 2, 32), (32, 2, 2, 20), (20, 2, 2, 32), (32, 2, 2, 20), (20, 2, 2, 16), (16, 2, 2, 4), (4, 2, 2, 1)]
- [(1, 2, 2, 4), (4, 2, 2, 16), (16, 2, 2, 26), (26, 2, 2, 65), (65, 2, 2, 32), (32, 2, 2, 78), (78, 2, 2, 32), (32, 2, 2, 64), (64, 2, 2, 16), (16, 2, 2, 4), (4, 2, 2, 1)]
- [(1, 2, 2, 4), (4, 2, 2, 16), (16, 2, 2, 64), (64, 2, 2, 59), (59, 2, 2, 96), (96, 2, 2, 69), (69, 2, 2, 96), (96, 2, 2, 62), (62, 2, 2, 16), (16, 2, 2, 4), (4, 2, 2, 1)]
- [(1, 2, 2, 4), (4, 2, 2, 16), (16, 2, 2, 45), (45, 2, 2, 96), (96, 2, 2, 86), (86, 2, 2, 96), (96, 2, 2, 96), (96, 2, 2, 64), (64, 2, 2, 16), (16, 2, 2, 4), (4, 2, 2, 1)]
- [(1, 2, 2, 4), (4, 2, 2, 16), (16, 2, 2, 64), (64, 2, 2, 90), (90, 2, 2, 96), (96, 2, 2, 96), (96, 2, 2, 96), (96, 2, 2, 64), (64, 2, 2, 16), (16, 2, 2, 4), (4, 2, 2, 1)]
- [(1, 2, 2, 4), (4, 2, 2, 16), (16, 2, 2, 52), (52, 2, 2, 96), (96, 2, 2, 96), (96, 2, 2, 96), (96, 2, 2, 96), (96, 2, 2, 64), (64, 2, 2, 16), (16, 2, 2, 4), (4, 2, 2, 1)]
- [(1, 2, 2, 4), (4, 2, 2, 16), (16, 2, 2, 64), (64, 2, 2, 96), (96, 2, 2, 96), (96, 2, 2, 96), (96, 2, 2, 96), (96, 2, 2, 64), (64, 2, 2, 16), (16, 2, 2, 4), (4, 2, 2, 1)]
- [(1, 2, 2, 4), (4, 2, 2, 16), (16, 2, 2, 53), (53, 2, 2, 96), (96, 2, 2, 96), (96, 2, 2, 96), (96, 2, 2, 96), (96, 2, 2, 64), (64, 2, 2, 16), (16, 2, 2, 4), (4, 2, 2, 1)]
Lh truncation errors:
- [0.00000000e+00 3.11449646e-33 3.04118657e-35 1.65594642e-31
 5.73361740e-35 1.55759915e-31 2.43766594e-35 1.69563485e-31
 2.39106303e-36 1.39899476e-35]
- [0.00000000e+00 0.00000000e+00 3.07997837e-31 6.32306871e-32
 3.70902945e-31 6.26318553e-32 3.97537505e-31 5.84481706e-32
 4.02649847e-33 0.00000000e+00]
- [0.00000000e+00 0.00000000e+00 3.06168208e-31 6.14394778e-31
 2.48882474e-31 5.95477112e-31 2.50643593e-31 2.46952094e-31
 0.00000000e+00 0.00000000e+00]
- [0.00000000e+00 0.00000000e+00 5.70281346e-31 1.96069367e-30
 1.19566948e-30 2.91848547e-31 2.41182304e-30 0.00000000e+00
 0.00000000e+00 0.00000000e+00]
- [0.00000000e+00 0.00000000e+00 0.00000000e+00 2.11979581e-30
 2.76174847e-26 2.87561866e-30 3.45270612e-22 2.94830813e-31
 0.00000000e+00 0.00000000e+00]
- [0.00000000e+00 0.00000000e+00 7.74550406e-31 1.13041248e-27
 3.95727313e-30 3.95174237e-19 1.17567309e-27 0.00000000e+00
 0.00000000e+00 0.00000000e+00]
- [0.00000000e+00 0.00000000e+00 0.00000000e+00 3.22166942e-30
 4.08884250e-19 3.76323876e-23 1.90702296e-17 0.00000000e+00
 0.00000000e+00 0.00000000e+00]
- [0.00000000e+00 0.00000000e+00 1.15982758e-30 4.23976028e-25
 1.19072204e-25 2.84906536e-18 1.42826106e-23 0.00000000e+00
 0.00000000e+00 0.00000000e+00]
- [0.00000000e+00 0.00000000e+00 0.00000000e+00 3.07650902e-28
 2.93646953e-18 1.89339898e-22 2.97825680e-19 0.00000000e+00
 0.00000000e+00 0.00000000e+00]
- [0.00000000e+00 0.00000000e+00 8.95638685e-31 8.28300249e-26
 5.58584381e-26 1.47129260e-20 1.25468566e-25 0.00000000e+00
 0.00000000e+00 0.00000000e+00]
-> EL = <Lh|CC*> = 0.2538747584639874.
Orthogonality column 11:
-> EC = <ALhAL*|CC*|ARhAR*> = 1.3374511730537477e-13.
=> E = 0.2538747584641211.
=> deltaE_bcc = 0.25387475846396085. 

chi_max_b = 150, combine_hs = False.
Lh leg dimensions:
- [(1, 2, 2, 4), (4, 2, 2, 16), (16, 2, 2, 57), (57, 2, 2, 150), (150, 2, 2, 150), (150, 2, 2, 150), (150, 2, 2, 150), (150, 2, 2, 64), (64, 2, 2, 16), (16, 2, 2, 4), (4, 2, 2, 1)]
- [(1, 2, 2, 4), (4, 2, 2, 16), (16, 2, 2, 58), (58, 2, 2, 150), (150, 2, 2, 150), (150, 2, 2, 150), (150, 2, 2, 150), (150, 2, 2, 64), (64, 2, 2, 16), (16, 2, 2, 4), (4, 2, 2, 1)]
- [(1, 2, 2, 4), (4, 2, 2, 16), (16, 2, 2, 59), (59, 2, 2, 150), (150, 2, 2, 150), (150, 2, 2, 150), (150, 2, 2, 150), (150, 2, 2, 64), (64, 2, 2, 16), (16, 2, 2, 4), (4, 2, 2, 1)]
- [(1, 2, 2, 4), (4, 2, 2, 16), (16, 2, 2, 60), (60, 2, 2, 150), (150, 2, 2, 150), (150, 2, 2, 150), (150, 2, 2, 150), (150, 2, 2, 64), (64, 2, 2, 16), (16, 2, 2, 4), (4, 2, 2, 1)]
- [(1, 2, 2, 4), (4, 2, 2, 16), (16, 2, 2, 58), (58, 2, 2, 150), (150, 2, 2, 128), (128, 2, 2, 150), (150, 2, 2, 128), (128, 2, 2, 64), (64, 2, 2, 16), (16, 2, 2, 4), (4, 2, 2, 1)]
- [(1, 2, 2, 4), (4, 2, 2, 16), (16, 2, 2, 56), (56, 2, 2, 127), (127, 2, 2, 80), (80, 2, 2, 128), (128, 2, 2, 80), (80, 2, 2, 64), (64, 2, 2, 16), (16, 2, 2, 4), (4, 2, 2, 1)]
- [(1, 2, 2, 4), (4, 2, 2, 16), (16, 2, 2, 32), (32, 2, 2, 80), (80, 2, 2, 32), (32, 2, 2, 80), (80, 2, 2, 32), (32, 2, 2, 64), (64, 2, 2, 16), (16, 2, 2, 4), (4, 2, 2, 1)]
- [(1, 2, 2, 4), (4, 2, 2, 16), (16, 2, 2, 20), (20, 2, 2, 32), (32, 2, 2, 20), (20, 2, 2, 32), (32, 2, 2, 20), (20, 2, 2, 32), (32, 2, 2, 16), (16, 2, 2, 4), (4, 2, 2, 1)]
- [(1, 2, 2, 4), (4, 2, 2, 16), (16, 2, 2, 8), (8, 2, 2, 20), (20, 2, 2, 8), (8, 2, 2, 20), (20, 2, 2, 8), (8, 2, 2, 20), (20, 2, 2, 8), (8, 2, 2, 4), (4, 2, 2, 1)]
- [(1, 2, 2, 4), (4, 2, 2, 8), (8, 2, 2, 8), (8, 2, 2, 8), (8, 2, 2, 8), (8, 2, 2, 8), (8, 2, 2, 8), (8, 2, 2, 8), (8, 2, 2, 8), (8, 2, 2, 4), (4, 2, 2, 1)]
Lh truncation errors:
- [0.00000000e+00 0.00000000e+00 2.36427373e-31 1.50615922e-27
 2.27165000e-30 7.22490562e-20 1.04812023e-30 0.00000000e+00
 0.00000000e+00 0.00000000e+00]
- [0.00000000e+00 0.00000000e+00 9.68737320e-31 4.28469372e-27
 2.27705431e-30 1.02570609e-19 1.24387963e-30 0.00000000e+00
 0.00000000e+00 0.00000000e+00]
- [0.00000000e+00 0.00000000e+00 4.50894920e-31 9.07981931e-27
 2.28279867e-30 1.18894882e-19 1.04658139e-30 0.00000000e+00
 0.00000000e+00 0.00000000e+00]
- [0.00000000e+00 0.00000000e+00 8.68396568e-31 1.42818544e-26
 2.45962433e-30 4.28429809e-19 1.01908552e-30 0.00000000e+00
 0.00000000e+00 0.00000000e+00]
- [0.00000000e+00 0.00000000e+00 5.01240003e-31 1.23863868e-27
 2.84254176e-30 2.08988754e-21 1.13706011e-30 0.00000000e+00
 0.00000000e+00 0.00000000e+00]
- [0.00000000e+00 0.00000000e+00 6.31666421e-31 1.24039043e-30
 2.48415568e-30 1.13272089e-30 1.59744894e-30 0.00000000e+00
 0.00000000e+00 0.00000000e+00]
- [0.00000000e+00 0.00000000e+00 2.48728135e-31 4.59724378e-31
 1.49204305e-30 3.91941223e-31 1.81089345e-30 0.00000000e+00
 0.00000000e+00 0.00000000e+00]
- [0.00000000e+00 0.00000000e+00 2.33364369e-31 3.67970044e-31
 5.84873559e-31 2.85166435e-31 7.13064084e-31 2.78274284e-31
 0.00000000e+00 0.00000000e+00]
- [0.00000000e+00 0.00000000e+00 2.78277545e-31 7.31189508e-32
 3.77287548e-31 6.63843183e-32 3.93885013e-31 5.72054090e-32
 4.97750169e-33 0.00000000e+00]
- [0.00000000e+00 2.48199136e-33 1.33200459e-31 1.34544583e-31
 1.32678734e-31 1.46913978e-31 1.18522752e-31 1.84765628e-31
 4.53526249e-34 0.00000000e+00]
-> EL = sum_n <Lh_n|CC*> = 0.25387475993007375.
Orthogonality column 11:
-> EC = <ALhAL*|CC*|ARhAR*> = 1.3374511730537477e-13.
=> E = 0.25387475993020747.
=> deltaE_bc = 0.2538747599300472.
chi_max_b = 150, combine_hs = True.
Lh leg dimensions:
- [(1, 2, 2, 4), (4, 2, 2, 3), (3, 2, 2, 8), (8, 2, 2, 3), (3, 2, 2, 8), (8, 2, 2, 3), (3, 2, 2, 8), (8, 2, 2, 3), (3, 2, 2, 8), (8, 2, 2, 3), (3, 2, 2, 1)]
- [(1, 2, 2, 4), (4, 2, 2, 16), (16, 2, 2, 8), (8, 2, 2, 20), (20, 2, 2, 8), (8, 2, 2, 20), (20, 2, 2, 8), (8, 2, 2, 20), (20, 2, 2, 8), (8, 2, 2, 4), (4, 2, 2, 1)]
- [(1, 2, 2, 4), (4, 2, 2, 16), (16, 2, 2, 32), (32, 2, 2, 20), (20, 2, 2, 32), (32, 2, 2, 20), (20, 2, 2, 32), (32, 2, 2, 20), (20, 2, 2, 16), (16, 2, 2, 4), (4, 2, 2, 1)]
- [(1, 2, 2, 4), (4, 2, 2, 16), (16, 2, 2, 26), (26, 2, 2, 65), (65, 2, 2, 32), (32, 2, 2, 78), (78, 2, 2, 32), (32, 2, 2, 64), (64, 2, 2, 16), (16, 2, 2, 4), (4, 2, 2, 1)]
- [(1, 2, 2, 4), (4, 2, 2, 16), (16, 2, 2, 64), (64, 2, 2, 59), (59, 2, 2, 119), (119, 2, 2, 70), (70, 2, 2, 128), (128, 2, 2, 62), (62, 2, 2, 16), (16, 2, 2, 4), (4, 2, 2, 1)]
- [(1, 2, 2, 4), (4, 2, 2, 16), (16, 2, 2, 45), (45, 2, 2, 113), (113, 2, 2, 85), (85, 2, 2, 150), (150, 2, 2, 110), (110, 2, 2, 64), (64, 2, 2, 16), (16, 2, 2, 4), (4, 2, 2, 1)]
- [(1, 2, 2, 4), (4, 2, 2, 16), (16, 2, 2, 64), (64, 2, 2, 88), (88, 2, 2, 150), (150, 2, 2, 150), (150, 2, 2, 150), (150, 2, 2, 64), (64, 2, 2, 16), (16, 2, 2, 4), (4, 2, 2, 1)]
- [(1, 2, 2, 4), (4, 2, 2, 16), (16, 2, 2, 52), (52, 2, 2, 145), (145, 2, 2, 142), (142, 2, 2, 150), (150, 2, 2, 150), (150, 2, 2, 64), (64, 2, 2, 16), (16, 2, 2, 4), (4, 2, 2, 1)]
- [(1, 2, 2, 4), (4, 2, 2, 16), (16, 2, 2, 64), (64, 2, 2, 114), (114, 2, 2, 150), (150, 2, 2, 150), (150, 2, 2, 150), (150, 2, 2, 64), (64, 2, 2, 16), (16, 2, 2, 4), (4, 2, 2, 1)]
- [(1, 2, 2, 4), (4, 2, 2, 16), (16, 2, 2, 52), (52, 2, 2, 138), (138, 2, 2, 138), (138, 2, 2, 150), (150, 2, 2, 140), (140, 2, 2, 64), (64, 2, 2, 16), (16, 2, 2, 4), (4, 2, 2, 1)]
Lh truncation errors:
- [0.00000000e+00 1.30468941e-32 5.45069896e-35 1.58417739e-31
 1.73990623e-35 1.56085035e-31 1.59187274e-35 1.69452075e-31
 6.27628603e-36 1.41634919e-35]
- [0.00000000e+00 0.00000000e+00 3.08968961e-31 6.32102265e-32
 3.68570860e-31 6.25435992e-32 3.96618699e-31 5.84526774e-32
 4.55011239e-33 0.00000000e+00]
- [0.00000000e+00 0.00000000e+00 3.06190883e-31 6.14934725e-31
 2.48868071e-31 5.95611175e-31 2.50625270e-31 2.44429526e-31
 0.00000000e+00 0.00000000e+00]
- [0.00000000e+00 0.00000000e+00 5.73765058e-31 1.96087854e-30
 1.39475517e-30 3.03071500e-31 2.41063262e-30 0.00000000e+00
 0.00000000e+00 0.00000000e+00]
- [0.00000000e+00 0.00000000e+00 0.00000000e+00 2.11804733e-30
 2.97081574e-30 4.91394811e-30 7.31789914e-31 2.95686343e-31
 0.00000000e+00 0.00000000e+00]
- [0.00000000e+00 0.00000000e+00 7.73817768e-31 3.84890294e-30
 4.80011774e-30 1.93939219e-24 3.82287195e-30 0.00000000e+00
 0.00000000e+00 0.00000000e+00]
- [0.00000000e+00 0.00000000e+00 0.00000000e+00 4.49858522e-30
 1.07201614e-22 2.04637772e-29 4.00861554e-21 0.00000000e+00
 0.00000000e+00 0.00000000e+00]
- [0.00000000e+00 0.00000000e+00 1.16473242e-30 3.91921811e-30
 5.37193570e-30 1.85101654e-22 2.26510683e-29 0.00000000e+00
 0.00000000e+00 0.00000000e+00]
- [0.00000000e+00 0.00000000e+00 0.00000000e+00 4.52811082e-30
 3.74670865e-23 7.88346861e-27 5.28138462e-23 0.00000000e+00
 0.00000000e+00 0.00000000e+00]
- [0.00000000e+00 0.00000000e+00 1.35394559e-30 3.93943679e-30
 5.66047814e-30 4.53804572e-24 5.06837681e-30 0.00000000e+00
 0.00000000e+00 0.00000000e+00]
-> EL = <Lh|CC*> = 0.25387475995431585.
Orthogonality column 11:
-> EC = <ALhAL*|CC*|ARhAR*> = 1.3374511730537477e-13.
=> E = 0.2538747599544496.
=> deltaE_bcc = 0.2538747599542893. 

chi_max_b = 216, combine_hs = False.
Lh leg dimensions:
- [(1, 2, 2, 4), (4, 2, 2, 16), (16, 2, 2, 57), (57, 2, 2, 181), (181, 2, 2, 197), (197, 2, 2, 216), (216, 2, 2, 187), (187, 2, 2, 64), (64, 2, 2, 16), (16, 2, 2, 4), (4, 2, 2, 1)]
- [(1, 2, 2, 4), (4, 2, 2, 16), (16, 2, 2, 58), (58, 2, 2, 185), (185, 2, 2, 198), (198, 2, 2, 216), (216, 2, 2, 186), (186, 2, 2, 64), (64, 2, 2, 16), (16, 2, 2, 4), (4, 2, 2, 1)]
- [(1, 2, 2, 4), (4, 2, 2, 16), (16, 2, 2, 59), (59, 2, 2, 188), (188, 2, 2, 197), (197, 2, 2, 216), (216, 2, 2, 184), (184, 2, 2, 64), (64, 2, 2, 16), (16, 2, 2, 4), (4, 2, 2, 1)]
- [(1, 2, 2, 4), (4, 2, 2, 16), (16, 2, 2, 60), (60, 2, 2, 189), (189, 2, 2, 185), (185, 2, 2, 216), (216, 2, 2, 180), (180, 2, 2, 64), (64, 2, 2, 16), (16, 2, 2, 4), (4, 2, 2, 1)]
- [(1, 2, 2, 4), (4, 2, 2, 16), (16, 2, 2, 58), (58, 2, 2, 174), (174, 2, 2, 128), (128, 2, 2, 216), (216, 2, 2, 128), (128, 2, 2, 64), (64, 2, 2, 16), (16, 2, 2, 4), (4, 2, 2, 1)]
- [(1, 2, 2, 4), (4, 2, 2, 16), (16, 2, 2, 56), (56, 2, 2, 127), (127, 2, 2, 80), (80, 2, 2, 128), (128, 2, 2, 80), (80, 2, 2, 64), (64, 2, 2, 16), (16, 2, 2, 4), (4, 2, 2, 1)]
- [(1, 2, 2, 4), (4, 2, 2, 16), (16, 2, 2, 32), (32, 2, 2, 80), (80, 2, 2, 32), (32, 2, 2, 80), (80, 2, 2, 32), (32, 2, 2, 64), (64, 2, 2, 16), (16, 2, 2, 4), (4, 2, 2, 1)]
- [(1, 2, 2, 4), (4, 2, 2, 16), (16, 2, 2, 20), (20, 2, 2, 32), (32, 2, 2, 20), (20, 2, 2, 32), (32, 2, 2, 20), (20, 2, 2, 32), (32, 2, 2, 16), (16, 2, 2, 4), (4, 2, 2, 1)]
- [(1, 2, 2, 4), (4, 2, 2, 16), (16, 2, 2, 8), (8, 2, 2, 20), (20, 2, 2, 8), (8, 2, 2, 20), (20, 2, 2, 8), (8, 2, 2, 20), (20, 2, 2, 8), (8, 2, 2, 4), (4, 2, 2, 1)]
- [(1, 2, 2, 4), (4, 2, 2, 8), (8, 2, 2, 8), (8, 2, 2, 8), (8, 2, 2, 8), (8, 2, 2, 8), (8, 2, 2, 8), (8, 2, 2, 8), (8, 2, 2, 8), (8, 2, 2, 4), (4, 2, 2, 1)]
Lh truncation errors:
- [0.00000000e+00 0.00000000e+00 2.38296163e-31 5.16222491e-30
 9.16386967e-30 6.51061980e-23 4.96633601e-30 0.00000000e+00
 0.00000000e+00 0.00000000e+00]
- [0.00000000e+00 0.00000000e+00 9.69675804e-31 3.59284072e-30
 7.94892624e-30 9.47124939e-23 4.68758967e-30 0.00000000e+00
 0.00000000e+00 0.00000000e+00]
- [0.00000000e+00 0.00000000e+00 4.53899217e-31 3.77670137e-30
 9.02222167e-30 1.29924168e-22 5.12895219e-30 0.00000000e+00
 0.00000000e+00 0.00000000e+00]
- [0.00000000e+00 0.00000000e+00 8.65135400e-31 3.47984817e-30
 6.71764466e-30 1.26115984e-22 5.01839661e-30 0.00000000e+00
 0.00000000e+00 0.00000000e+00]
- [0.00000000e+00 0.00000000e+00 5.01589388e-31 5.35737814e-30
 3.41719308e-30 8.22790228e-26 9.82777088e-31 0.00000000e+00
 0.00000000e+00 0.00000000e+00]
- [0.00000000e+00 0.00000000e+00 6.29652857e-31 1.24040530e-30
 2.48326753e-30 1.13271882e-30 1.59744894e-30 0.00000000e+00
 0.00000000e+00 0.00000000e+00]
- [0.00000000e+00 0.00000000e+00 2.43900199e-31 4.59337558e-31
 1.47191050e-30 3.91941313e-31 1.81089345e-30 0.00000000e+00
 0.00000000e+00 0.00000000e+00]
- [0.00000000e+00 0.00000000e+00 2.27013147e-31 3.30872421e-31
 5.95734383e-31 2.85119291e-31 7.11714735e-31 2.78344892e-31
 0.00000000e+00 0.00000000e+00]
- [0.00000000e+00 0.00000000e+00 2.78827172e-31 7.31199094e-32
 3.74446138e-31 6.61594045e-32 3.86216733e-31 5.73777094e-32
 2.07252232e-32 0.00000000e+00]
- [0.00000000e+00 2.57044093e-33 1.32715407e-31 1.34719308e-31
 1.33802599e-31 1.41673543e-31 1.16375528e-31 1.81974534e-31
 2.28162768e-34 0.00000000e+00]
-> EL = sum_n <Lh_n|CC*> = 0.25387475995663994.
Orthogonality column 11:
-> EC = <ALhAL*|CC*|ARhAR*> = 1.3374511730537477e-13.
=> E = 0.25387475995677367.
=> deltaE_bc = 0.2538747599566134.
chi_max_b = 216, combine_hs = True.
Lh leg dimensions:
- [(1, 2, 2, 4), (4, 2, 2, 3), (3, 2, 2, 8), (8, 2, 2, 3), (3, 2, 2, 8), (8, 2, 2, 3), (3, 2, 2, 8), (8, 2, 2, 3), (3, 2, 2, 8), (8, 2, 2, 3), (3, 2, 2, 1)]
- [(1, 2, 2, 4), (4, 2, 2, 16), (16, 2, 2, 8), (8, 2, 2, 20), (20, 2, 2, 8), (8, 2, 2, 20), (20, 2, 2, 8), (8, 2, 2, 20), (20, 2, 2, 8), (8, 2, 2, 4), (4, 2, 2, 1)]
- [(1, 2, 2, 4), (4, 2, 2, 16), (16, 2, 2, 32), (32, 2, 2, 20), (20, 2, 2, 32), (32, 2, 2, 20), (20, 2, 2, 32), (32, 2, 2, 20), (20, 2, 2, 16), (16, 2, 2, 4), (4, 2, 2, 1)]
- [(1, 2, 2, 4), (4, 2, 2, 16), (16, 2, 2, 26), (26, 2, 2, 65), (65, 2, 2, 32), (32, 2, 2, 78), (78, 2, 2, 32), (32, 2, 2, 64), (64, 2, 2, 16), (16, 2, 2, 4), (4, 2, 2, 1)]
- [(1, 2, 2, 4), (4, 2, 2, 16), (16, 2, 2, 64), (64, 2, 2, 59), (59, 2, 2, 119), (119, 2, 2, 70), (70, 2, 2, 128), (128, 2, 2, 62), (62, 2, 2, 16), (16, 2, 2, 4), (4, 2, 2, 1)]
- [(1, 2, 2, 4), (4, 2, 2, 16), (16, 2, 2, 45), (45, 2, 2, 113), (113, 2, 2, 85), (85, 2, 2, 210), (210, 2, 2, 110), (110, 2, 2, 64), (64, 2, 2, 16), (16, 2, 2, 4), (4, 2, 2, 1)]
- [(1, 2, 2, 4), (4, 2, 2, 16), (16, 2, 2, 64), (64, 2, 2, 88), (88, 2, 2, 216), (216, 2, 2, 166), (166, 2, 2, 216), (216, 2, 2, 64), (64, 2, 2, 16), (16, 2, 2, 4), (4, 2, 2, 1)]
- [(1, 2, 2, 4), (4, 2, 2, 16), (16, 2, 2, 52), (52, 2, 2, 145), (145, 2, 2, 143), (143, 2, 2, 216), (216, 2, 2, 163), (163, 2, 2, 64), (64, 2, 2, 16), (16, 2, 2, 4), (4, 2, 2, 1)]
- [(1, 2, 2, 4), (4, 2, 2, 16), (16, 2, 2, 64), (64, 2, 2, 112), (112, 2, 2, 216), (216, 2, 2, 210), (210, 2, 2, 216), (216, 2, 2, 64), (64, 2, 2, 16), (16, 2, 2, 4), (4, 2, 2, 1)]
- [(1, 2, 2, 4), (4, 2, 2, 16), (16, 2, 2, 52), (52, 2, 2, 137), (137, 2, 2, 137), (137, 2, 2, 216), (216, 2, 2, 142), (142, 2, 2, 64), (64, 2, 2, 16), (16, 2, 2, 4), (4, 2, 2, 1)]
Lh truncation errors:
- [0.00000000e+00 1.53551004e-34 1.03791287e-35 1.61756979e-31
 1.18799005e-34 1.57127590e-31 3.43523513e-35 1.72396474e-31
 2.46731090e-36 1.49987940e-35]
- [0.00000000e+00 0.00000000e+00 3.09753465e-31 6.32156533e-32
 3.71785222e-31 6.26068057e-32 3.96789659e-31 5.84595599e-32
 1.78964500e-32 0.00000000e+00]
- [0.00000000e+00 0.00000000e+00 3.06411716e-31 6.15742637e-31
 2.48877743e-31 5.96546769e-31 2.50628747e-31 2.57391414e-31
 0.00000000e+00 0.00000000e+00]
- [0.00000000e+00 0.00000000e+00 5.81609645e-31 1.95815554e-30
 1.39960923e-30 2.90619725e-31 2.41063262e-30 0.00000000e+00
 0.00000000e+00 0.00000000e+00]
- [0.00000000e+00 0.00000000e+00 0.00000000e+00 2.11832633e-30
 2.95565541e-30 4.90583955e-30 7.31442439e-31 2.95699857e-31
 0.00000000e+00 0.00000000e+00]
- [0.00000000e+00 0.00000000e+00 7.74016678e-31 3.84059621e-30
 4.81507859e-30 7.09996448e-30 3.85507682e-30 0.00000000e+00
 0.00000000e+00 0.00000000e+00]
- [0.00000000e+00 0.00000000e+00 0.00000000e+00 3.72645893e-30
 2.72099897e-27 8.79626876e-30 1.23266630e-25 0.00000000e+00
 0.00000000e+00 0.00000000e+00]
- [0.00000000e+00 0.00000000e+00 1.17156621e-30 3.89470045e-30
 6.87116709e-30 6.76800151e-26 5.24605358e-30 0.00000000e+00
 0.00000000e+00 0.00000000e+00]
- [0.00000000e+00 0.00000000e+00 0.00000000e+00 5.25353193e-30
 4.03985392e-27 8.50755193e-30 2.27533794e-27 0.00000000e+00
 0.00000000e+00 0.00000000e+00]
- [0.00000000e+00 0.00000000e+00 1.34786133e-30 4.65018831e-30
 7.29553557e-30 3.64756330e-27 4.37590664e-30 0.00000000e+00
 0.00000000e+00 0.00000000e+00]
-> EL = <Lh|CC*> = 0.25387475995663195.
Orthogonality column 11:
-> EC = <ALhAL*|CC*|ARhAR*> = 1.3374511730537477e-13.
=> E = 0.25387475995676567.
=> deltaE_bcc = 0.2538747599566054. 

for chi_max_bs = [24, 54, 96, 150, 216]:
- without combining hs: 
deltaEs = [0.25391539 0.25387485 0.25387476 0.25387476 0.25387476], 
maximal truncation errors = [4.96171584e-06 2.23794229e-10 5.54968028e-15 4.28429809e-19
 1.29924168e-22]. 
- with combining hs: 
deltaEs = [0.25401211 0.25387528 0.25387476 0.25387476 0.25387476], 
maximal truncation errors = [1.14536866e-08 9.18450990e-13 1.90702296e-17 4.00861554e-21
 1.23266630e-25].
